548 192 612 578 213 518 809 514 842 288 188 398 540 463 792 175 781 761 128 893 997 96 948 761 814 39 654 648 845 31 288 867 352 890 344 322 192 627 614 936 983 613 654 523 858 652 829 318 268 193 712 593 115 580 580 413 172 262 554 3 555 333 90 984 121 201 64 433 159 691 929 978 594 429 511 545 58 274 130 272 901 536 875 324 807 888 609 382 807 540 170 782 301 571 596 257 46 337 134 948
76 831 447 53 623 561 684 557 856 695 720 832 421 903 763 418 45 835 103 481 159 391 224 40 733 987 55 721 132 735 921 53 84 840 291 877 903 810 481 561 987 292 10 456 634 807 147 355 205 616 407 124 518 933 654 488 391 570 844 443 395 863 541 37 593 424 699 782 874 126 322 633 947 228 656 170 764 518 337 543 44 697 647 977 60 491 670 889 843 505 540 469 301 331 789 639 370 901 281 261
1 214 530 88 398 231 806 541 106 369 40 933 435 285 350 372 329 285 831 330 823 330 698 613 60 574 975 475 405 916 832 204 392 725 261 161 943 385 924 768 257 479 924 958 960 507 590 893 173 734 217 911 470 622 954 809 123 928 695 777 692 838 117 551 20 527 462 524 614 499 107 338 429 891 60 915 624 266 644 402 745 710 172 844 712 277 472 226 906 878 686 905 687 84 19 713 768 574 17 651
217 389 200 550 957 640 756 234 738 714 807 107 738 329 454 388 713 428 633 559 642 86 47 145 980 815 418 542 633 515 954 281 282 452 351 9 765 883 431 548 397 548 873 856 275 750 306 472 962 296 309 311 594 672 981 824 739 761 79 793 119 220 551 803 226 851 833 628 721 710 871 529 28 49 33 385 886 549 109 531 918 932 32 986 745 492 135 104 698 697 614 929 6 641 67 795 944 816 231 162
469 117 342 186 146 914 885 56 185 874 366 316 447 512 332 380 89 814 659 147 758 149 603 292 790 958 340 408 268 287 367 756 910 604 699 471 631 785 829 537 691 365 619 730 824 133 557 242 504 537 471 128 273 149 782 576 929 894 821 455 672 745 175 573 916 391 454 191 513 390 645 417 186 462 425 891 889 319 999 642 289 468 393 111 991 278 331 37 249 309 699 807 156 570 877 481 593 74 412 74
580 419 783 301 307 311 928 386 993 515 35 752 848 237 935 582 155 189 386 860 37 78 75 901 838 33 959 850 601 743 790 324 643 661 245 260 656 818 517 904 570 813 266 893 363 491 756 798 220 667 184 970 329 741 865 671 20 338 52 687 898 660 582 699 709 811 243 138 140 768 377 660 777 909 737 658 955 66 33 298 618 493 770 213 317 475 994 786 736 897 665 329 759 921 514 317 530 860 600 1
765 295 98 113 488 997 117 229 399 229 275 608 723 461 779 280 368 649 603 725 741 479 99 87 564 781 48 904 634 487 654 854 219 719 434 559 139 845 189 554 40 647 108 393 643 348 714 586 474 470 985 585 810 234 280 859 254 880 390 994 95 866 379 951 451 627 125 336 965 446 928 979 15 126 72 107 283 243 905 434 404 288 99 277 634 348 391 498 101 153 532 838 590 236 801 518 363 776 387 185
498 929 965 16 111 883 596 319 427 116 901 617 315 883 626 977 565 295 449 763 344 704 111 941 960 307 113 442 665 200 463 903 979 738 234 874 815 321 864 635 115 817 80 250 148 855 729 671 569 704 650 717 347 522 298 161 267 47 794 196 307 128 64 303 883 335 587 1000 800 334 760 88 59 631 561 64 410 454 689 946 263 566 317 331 269 990 26 11 646 953 885 789 912 694 85 351 743 656 729 228
555 355 349 736 155 897 724 257 411 442 990 998 286 401 720 909 535 405 352 772 508 778 98 921 67 127 836 612 975 161 497 290 16 22 659 369 596 228 122 337 581 670 158 700 647 803 228 854 261 623 543 530 798 746 827 286 919 175 352 74 278 59 424 957 394 270 85 538 29 72 196 449 309 125 358 54 690 427 747 789 302 584 867 669 237 737 227 997 806 385 33 352 511 574 598 293 201 873 982 736
251 63 73 970 513 38 241 562 429 564 15 656 716 828 715 622 855 633 322 439 519 839 783 634 669 758 373 789 230 36 234 326 863 119 242 552 41 394 938 896 916 594 252 324 980 974 849 630 694 839 645 260 150 416 158 703 521 966 694 263 517 150 940 657 61 817 80 179 547 637 10 747 274 776 554 712 493 320 36 292 697 844 277 409 871 660 949 769 655 348 510 841 442 379 749 579 671 311 865 368
138 708 115 577 568 132 162 103 872 722 35 116 177 37 866 811 203 66 222 794 189 774 427 759 412 891 338 646 379 967 683 448 561 701 725 341 74 266 644 968 687 893 97 275 260 286 124 376 434 476 229 798 118 387 368 456 473 19 592 290 570 315 391 681 297 290 609 481 324 639 364 344 237 961 767 145 20 689 851 721 834 14 976 696 992 325 677 140 214 992 648 489 694 430 459 835 607 372 327 294
12 678 481 625 944 714 297 234 3 100 457 232 809 167 200 444 931 99 889 380 674 84 204 466 162 737 54 279 461 472 266 946 720 762 422 449 154 5 176 971 815 50 211 808 130 199 898 399 550 753 561 566 762 742 112 634 853 308 633 207 869 980 723 998 926 81 684 887 560 890 258 474 436 255 770 673 667 234 374 487 102 838 688 897 407 228 875 71 364 910 660 656 742 393 448 508 560 435 407 1
863 57 639 941 640 852 195 772 325 438 646 100 381 386 188 239 720 139 778 289 150 458 644 990 986 185 937 415 315 463 799 704 988 971 831 253 894 815 904 495 183 49 640 177 896 364 748 159 508 416 314 40 977 138 419 269 735 817 485 621 193 27 874 752 886 50 878 546 473 740 634 109 985 123 437 235 329 67 258 628 562 318 905 909 367 13 395 586 413 62 559 670 164 566 137 576 715 821 96 207
231 62 596 822 208 99 187 39 786 613 355 270 799 430 323 774 266 239 417 476 217 415 231 967 868 631 709 477 122 378 903 476 121 798 595 645 274 418 85 991 797 578 178 774 67 366 75 969 409 782 256 348 961 824 793 457 844 247 58 756 519 479 78 853 136 330 913 477 422 219 925 306 503 503 925 776 160 757 660 991 930 462 3 919 15 953 444 637 983 842 711 981 612 850 597 159 731 724 204 410
882 435 924 115 171 794 637 151 827 285 384 397 349 195 212 884 386 832 2 304 962 68 123 212 510 984 322 642 136 368 478 87 59 273 903 380 615 771 438 526 718 227 885 780 981 513 63 864 445 576 974 667 615 429 703 779 308 449 392 27 610 365 851 392 967 25 582 690 352 328 835 452 962 528 51 699 743 357 16 377 925 80 621 140 306 799 913 446 363 634 459 833 365 337 344 125 906 711 353 480
138 915 340 177 125 852 763 603 464 925 937 912 373 224 521 865 568 757 159 780 890 173 120 615 980 351 171 664 420 649 554 18 795 902 174 829 374 642 722 387 266 407 545 593 146 515 597 977 571 831 930 83 502 564 121 977 415 585 616 287 705 910 911 782 42 298 765 712 733 207 336 242 884 614 406 743 421 558 896 940 737 130 999 190 111 413 26 416 508 712 564 686 823 634 153 447 401 198 326 680
248 134 713 220 729 983 326 795 99 877 237 714 106 896 183 888 183 835 99 433 986 539 122 289 46 735 232 92 37 496 355 90 140 447 329 636 108 207 242 577 73 911 198 792 160 125 346 431 514 981 314 675 186 568 623 667 761 900 588 59 67 944 674 422 385 179 888 746 549 22 352 267 167 687 557 611 458 189 947 739 184 372 485 117 121 642 315 591 488 307 76 509 515 508 202 485 206 748 754 165
722 891 989 95 86 169 597 995 924 609 250 423 209 128 549 885 5 835 149 76 864 79 466 759 85 714 958 397 264 66 383 592 981 277 156 212 976 923 493 440 944 287 556 469 398 628 394 8 867 220 604 802 840 232 278 303 965 8 111 372 580 929 128 319 818 345 870 414 851 232 614 392 879 26 201 303 480 556 27 361 52 567 615 360 659 785 36 869 707 116 180 245 360 282 785 599 471 934 203 978
463 349 396 285 249 30 333 607 836 265 764 599 401 309 10 670 644 763 536 281 160 812 901 987 671 358 117 452 804 633 310 658 335 699 290 410 623 98 91 430 308 884 918 900 653 976 18 603 786 370 60 868 68 673 663 128 677 799 995 353 770 509 463 187 661 459 193 427 876 157 296 741 238 855 476 311 163 75 238 553 307 502 988 792 596 74 898 972 19 753 110 52 533 821 794 9 904 716 936 675
122 739 832 414 891 482 751 850 867 213 776 546 989 806 872 53 514 153 684 403 136 926 799 266 340 358 625 151 943 977 95 678 588 328 688 465 934 440 593 336 967 1000 73 148 146 663 281 862 641 271 402 199 3 162 653 475 138 297 279 865 9 12 483 956 61 507 631 947 1 963 689 534 676 202 696 672 874 425 456 571 257 828 365 845 637 152 764 110 148 769 322 807 899 821 39 21 383 330 608 619
269 410 129 122 367 942 64 745 564 921 194 556 501 65 126 58 871 766 985 643 22 329 312 677 307 21 998 432 594 320 949 356 328 980 358 884 229 957 750 321 236 623 807 847 260 153 118 61 16 378 818 404 868 233 291 595 21 925 443 437 843 310 947 418 751 182 641 477 757 26 151 637 891 415 905 672 553 58 93 758 540 20 79 272 315 135 474 667 415 4 198 682 718 145 800 600 811 101 68 458
461 666 971 758 524 128 224 833 877 738 262 791 637 994 388 577 351 882 530 704 666 495 564 710 475 302 723 668 772 906 80 262 468 973 287 109 905 352 938 512 622 673 591 538 181 321 639 747 65 582 95 80 193 904 410 646 573 334 739 129 772 154 598 126 84 953 234 284 10 824 576 931 238 666 332 718 980 23 204 863 310 760 735 876 254 594 856 658 926 176 879 98 43 839 908 946 52 13 300 981
458 169 915 702 985 62 310 53 44 719 163 950 690 436 59 890 880 210 624 763 922 728 39 485 334 883 935 827 424 406 661 326 535 745 128 189 198 554 419 729 49 901 162 644 281 841 682 307 936 441 192 527 490 683 868 851 830 549 634 215 466 41 510 750 746 489 543 848 11 90 931 138 79 702 641 264 502 690 948 821 391 394 200 459 461 366 978 589 514 8 275 496 294 707 777 964 209 568 384 125
413 798 688 926 213 333 785 372 763 474 357 427 372 749 723 505 43 246 288 31 995 261 500 475 172 169 436 860 93 55 497 755 56 268 335 408 774 326 60 766 129 493 345 934 328 329 864 344 905 758 193 745 367 884 637 415 3 740 462 527 179 395 329 970 875 592 153 441 169 966 492 949 710 639 550 451 480 174 452 70 475 91 71 437 684 238 337 721 628 536 257 390 365 271 113 184 617 455 511 167
874 951 619 668 587 54 173 559 38 854 984 477 444 383 309 753 59 86 824 988 153 879 282 29 320 495 188 722 110 324 775 201 335 511 268 15 451 563 918 978 635 54 87 831 427 753 878 901 856 10 924 925 130 674 45 976 27 917 416 400 721 138 408 174 279 460 276 418 789 641 346 729 848 465 233 71 771 626 257 466 104 906 661 154 329 350 176 653 763 117 955 141 995 113 306 482 744 700 487 739
570 357 777 139 213 964 809 240 253 688 798 658 818 844 76 225 736 870 722 914 466 520 113 258 960 278 613 360 224 618 642 731 341 941 983 499 526 867 964 325 725 894 470 570 426 101 615 793 678 491 218 229 971 373 494 579 84 57 247 427 942 994 389 612 669 415 332 69 367 57 173 827 98 200 918 901 319 985 834 289 785 997 234 933 147 782 327 238 159 677 984 3 857 933 303 750 104 946 287 976
759 951 321 91 936 789 981 245 122 234 592 443 902 222 497 974 598 969 863 334 443 458 648 434 805 746 980 939 748 872 691 95 516 492 724 385 617 655 399 560 698 142 379 213 190 928 892 729 239 318 362 285 269 617 328 243 164 223 651 295 508 467 102 447 461 347 390 330 642 383 961 991 93 434 423 727 474 182 261 581 385 257 811 302 294 886 246 120 478 54 641 667 296 567 290 636 486 147 746 299
487 170 480 877 946 7 516 163 939 937 64 97 941 534 156 131 678 388 979 223 971 920 428 940 956 558 939 780 133 686 911 456 415 366 556 48 398 260 256 180 567 207 164 828 635 417 822 918 987 143 62 122 148 259 194 778 113 569 35 865 489 694 35 694 407 953 610 194 442 966 155 825 31 136 276 673 837 656 789 390 78 806 321 165 270 360 733 907 297 652 422 260 170 513 877 714 467 898 442 176
852 578 82 985 477 411 697 847 929 335 710 411 342 203 667 955 289 281 773 744 838 521 236 528 201 308 367 22 356 729 51 158 463 821 447 184 472 485 848 410 360 122 950 116 758 769 683 132 337 790 598 897 204 117 968 839 353 401 515 408 679 236 211 628 457 622 578 520 899 805 286 757 619 71 834 909 413 630 585 292 38 880 717 193 376 356 806 603 239 394 617 571 733 332 264 197 122 631 606 844
770 113 241 500 978 144 147 501 430 196 705 977 45 189 828 909 395 609 415 753 701 488 548 270 868 620 682 897 442 496 134 461 340 677 907 872 279 221 949 563 92 577 447 206 696 625 527 889 633 717 390 81 108 910 350 736 400 728 429 408 463 377 867 645 532 314 617 824 529 48 167 178 547 993 500 71 372 77 206 38 763 586 519 864 182 912 446 988 16 642 553 232 637 480 292 599 848 120 641 811
575 983 583 840 786 702 304 10 317 563 24 714 106 941 580 11 378 146 542 977 268 418 791 224 390 721 801 950 270 386 140 125 671 512 686 705 248 383 690 740 145 946 55 101 212 347 28 537 507 521 495 149 958 748 376 806 373 770 264 736 892 769 68 981 57 698 580 90 79 927 600 403 797 331 585 599 291 445 849 797 383 268 996 786 258 731 236 224 251 279 695 372 380 927 895 486 641 753 97 555
222 556 594 155 947 943 112 454 308 505 978 843 605 852 511 754 684 40 686 786 50 869 870 681 947 532 228 201 354 181 559 411 811 277 982 634 461 245 822 962 803 406 792 955 73 778 921 954 881 320 725 612 902 546 882 951 806 679 39 200 303 774 405 951 248 134 195 86 131 154 522 505 294 958 245 442 913 165 697 773 849 539 143 837 734 96 265 742 128 445 445 653 836 985 26 552 847 658 719 354
942 29 345 730 721 937 841 306 208 885 614 900 543 24 894 949 876 615 72 319 659 954 318 813 883 687 865 747 153 520 56 233 96 515 835 685 182 725 715 225 444 977 906 14 231 951 357 964 197 261 68 239 655 132 148 428 36 345 403 487 622 462 828 995 433 227 538 883 76 979 572 68 656 545 152 896 7 421 704 532 224 132 759 422 900 757 593 416 438 91 214 306 160 697 754 155 148 789 567 775
988 538 740 615 595 494 133 746 525 4 273 339 6 457 626 757 909 411 868 932 830 980 53 673 677 614 151 731 132 397 180 342 781 340 447 102 563 59 845 512 902 6 492 141 165 341 114 525 384 617 18 253 344 583 549 666 906 652 176 129 917 389 63 840 824 391 526 232 599 475 177 795 321 883 135 331 932 777 884 374 188 220 403 650 323 611 227 812 723 538 957 718 62 876 167 679 476 356 838 907
226 496 605 156 95 329 398 181 647 48 144 666 565 989 282 467 164 226 90 516 100 433 342 541 279 369 750 29 372 799 743 187 408 16 790 671 48 943 997 871 513 650 192 898 105 971 524 226 574 894 618 20 515 721 895 977 443 514 943 353 808 149 379 415 913 431 42 531 552 868 972 564 459 695 535 561 724 2 491 78 4 27 485 65 826 748 62 437 35 568 226 957 752 425 221 930 248 69 825 887
950 630 397 329 745 431 48 304 827 631 85 763 915 522 678 73 756 386 565 14 423 670 867 313 404 595 527 457 930 394 36 809 891 882 750 535 975 722 374 507 226 49 435 643 391 895 190 776 168 858 849 568 378 320 472 959 173 860 426 841 989 68 127 304 303 127 261 530 835 881 602 684 395 528 86 375 25 937 514 234 776 949 938 993 190 517 889 989 261 786 701 318 310 877 211 948 41 981 107 837
330 462 594 147 309 225 930 319 755 551 37 155 546 350 609 603 509 293 851 929 342 353 204 691 622 767 837 899 243 993 60 51 208 120 135 538 306 690 377 479 162 114 563 624 84 480 170 585 684 808 315 902 261 970 954 607 679 69 802 540 741 33 422 540 997 662 90 673 894 143 360 426 818 596 334 813 194 868 970 820 479 610 509 605 128 359 817 804 48 15 936 947 206 36 312 695 186 998 359 59
829 969 342 217 534 145 75 499 551 221 373 971 510 427 279 783 718 648 302 567 356 972 484 123 429 414 470 582 747 707 112 861 673 650 316 76 156 679 212 336 960 68 54 265 650 692 99 430 943 553 477 658 714 256 165 134 204 865 6 189 267 715 25 591 617 957 571 655 219 614 645 809 545 92 692 509 610 423 183 507 730 763 773 550 329 691 832 964 403 379 212 825 988 52 996 146 99 852 508 286
278 592 353 232 694 266 945 685 207 488 33 13 725 174 990 646 82 989 421 452 945 252 282 507 165 983 264 519 530 124 746 915 305 808 290 786 824 161 170 845 304 468 362 818 229 879 192 7 942 780 36 552 333 555 734 88 340 857 952 953 98 753 989 301 510 252 148 813 618 128 784 866 374 828 429 327 301 457 607 954 352 16 325 840 124 35 190 415 161 769 351 379 585 571 287 39 661 630 471 888
451 908 613 746 901 631 260 767 464 519 50 756 201 776 136 287 98 347 445 90 98 914 161 858 881 110 266 851 465 49 83 931 425 156 769 568 878 911 887 803 48 232 147 80 853 641 568 855 590 686 313 453 550 255 762 892 651 230 572 649 297 494 761 617 258 687 138 876 659 572 268 505 792 989 385 716 363 766 884 567 210 214 577 165 374 800 329 544 600 601 813 555 817 834 720 311 306 131 665 6
439 535 81 86 633 515 751 426 526 680 633 803 271 303 525 68 755 216 891 167 987 590 808 333 247 380 619 805 916 47 154 554 513 339 162 630 725 989 735 451 627 734 171 731 580 361 58 784 535 824 795 870 248 392 919 645 19 608 931 351 983 256 648 626 764 776 607 860 9 140 655 880 910 624 698 820 53 285 139 409 383 105 853 903 932 410 544 618 958 95 745 217 947 681 82 491 344 467 889 386
987 237 961 469 798 999 513 548 429 766 383 18 12 834 850 238 884 534 262 879 688 854 976 811 185 629 509 568 673 261 953 659 494 163 487 380 152 914 188 731 136 29 562 755 590 513 508 31 418 486 937 735 707 230 439 833 626 266 411 689 522 319 671 119 464 934 392 687 81 781 981 553 895 564 336 763 249 546 123 38 7 258 198 90 56 807 151 184 824 568 325 586 339 858 463 912 407 454 816 728
236 648 265 310 235 981 731 502 654 360 742 444 9 50 517 258 453 315 92 64 999 368 782 628 251 382 271 157 871 314 684 443 453 340 522 134 397 442 140 597 588 702 580 940 372 836 872 279 833 214 447 868 726 963 345 243 42 533 821 952 775 221 347 746 896 304 534 923 108 992 417 655 110 119 151 601 633 828 176 325 704 36 473 383 221 1000 90 493 96 648 998 409 195 314 950 389 326 76 294 88
351 460 512 100 395 18 126 665 463 725 150 30 695 915 269 879 86 131 686 425 34 692 498 993 638 639 769 674 559 198 472 987 63 275 730 94 927 977 198 867 281 812 946 424 34 35 14 26 233 942 421 709 407 592 787 306 129 373 546 848 328 188 122 240 137 459 971 992 969 681 473 180 738 906 963 221 508 372 944 959 260 305 798 391 117 411 392 856 602 106 14 274 496 208 722 576 955 671 398 15
933 356 725 221 667 965 569 846 939 295 113 157 410 266 407 578 118 390 877 256 294 994 541 694 248 134 148 447 164 850 832 141 884 764 20 411 584 496 561 389 909 758 693 64 230 633 127 820 52 6 590 636 577 366 969 213 671 2 372 959 773 24 856 202 308 664 35 473 116 546 952 775 652 186 211 462 423 143 454 839 100 678 899 613 90 716 742 441 997 664 473 309 969 741 691 222 386 328 775 691
682 106 761 174 487 258 960 291 822 401 345 361 558 492 834 590 447 259 577 859 254 159 748 381 148 503 209 863 457 735 202 686 941 206 566 843 132 146 629 160 834 288 175 401 471 944 639 889 882 888 323 204 829 646 461 887 757 389 62 99 353 495 573 728 147 351 118 148 669 561 874 189 169 38 803 77 498 944 153 668 684 674 476 824 385 750 636 432 738 754 635 440 387 776 878 532 495 796 379 434
582 67 317 373 423 779 669 119 143 331 884 868 80 416 837 336 985 486 993 542 616 136 979 931 183 590 120 221 913 751 57 574 299 2 626 983 525 134 317 667 662 140 113 28 397 516 93 573 616 970 616 613 712 377 957 797 259 4 111 493 656 991 442 640 248 140 42 29 577 973 189 25 355 824 899 897 886 586 808 495 249 554 79 31 546 644 915 617 170 645 37 804 972 698 200 695 237 667 954 242
314 317 346 319 228 684 828 631 486 908 965 848 442 103 201 648 305 47 669 111 316 495 853 968 185 471 172 155 534 533 34 65 583 487 474 759 167 353 226 27 320 131 564 757 160 775 914 405 586 229 847 741 352 74 88 615 921 660 295 367 292 374 746 912 625 306 798 931 619 212 451 932 335 458 885 652 91 468 26 792 558 735 418 218 435 995 916 609 204 216 272 213 298 22 768 2 330 834 374 860
914 876 145 257 113 695 22 183 393 14 747 18 814 358 179 572 251 53 488 687 79 290 712 580 558 954 58 440 547 932 565 127 18 491 836 98 101 507 106 802 879 585 601 847 565 387 941 535 39 451 134 448 172 544 74 875 441 591 519 722 868 340 907 714 581 90 739 505 985 484 111 39 430 609 392 791 990 340 637 832 834 288 789 816 771 206 293 84 25 219 28 505 73 986 167 548 454 776 334 442
662 734 599 925 41 408 870 837 19 849 394 389 150 77 204 509 271 836 821 463 836 600 363 576 881 622 134 318 892 438 176 794 560 300 645 128 316 850 965 794 967 287 78 156 737 133 741 962 727 889 409 835 248 770 898 551 525 118 187 871 397 122 176 97 460 722 40 56 181 763 207 498 472 140 506 828 30 492 865 336 327 133 120 855 869 786 417 672 448 749 255 111 836 31 395 151 231 817 786 454
613 76 846 608 672 701 776 749 61 294 131 517 809 788 258 417 62 889 792 322 267 452 441 374 244 503 620 501 963 208 78 615 789 236 111 23 745 797 834 923 972 282 742 130 706 166 869 833 440 281 448 258 724 39 235 444 539 97 894 452 595 412 38 519 765 808 258 172 849 792 396 638 427 373 392 567 91 772 996 236 507 257 368 503 998 534 236 814 437 654 256 840 301 3 794 225 53 217 6 855
625 863 371 799 985 367 18 21 797 456 231 807 980 331 8 841 546 834 261 375 124 207 407 254 128 671 878 278 648 200 492 748 126 612 428 100 748 111 29 328 514 992 15 218 592 583 294 89 235 694 994 616 393 321 568 969 834 557 735 22 691 979 328 912 603 393 672 133 275 385 585 675 384 45 561 687 210 460 358 913 813 451 319 449 197 352 470 901 367 316 314 901 566 791 821 669 533 79 23 376
839 269 515 387 564 148 495 890 943 267 689 726 985 685 908 537 416 563 674 64 519 103 132 733 657 480 542 770 949 969 764 150 640 201 209 521 574 616 385 638 57 476 845 718 214 181 656 570 949 589 807 196 584 128 194 10 54 396 387 656 502 197 245 138 163 409 786 429 247 864 804 764 95 958 244 813 652 185 576 64 625 675 138 312 625 9 75 218 855 304 261 271 42 891 351 219 867 330 762 710
659 816 816 30 748 659 790 122 994 974 645 106 575 771 120 107 599 738 590 225 709 304 834 933 946 109 433 965 902 286 990 641 257 947 261 62 561 176 6 591 681 691 886 233 333 962 615 74 189 381 285 562 277 213 550 462 758 795 308 303 546 487 506 637 404 689 829 394 785 144 108 317 287 186 757 606 960 909 204 611 212 229 942 666 387 144 16 697 360 327 500 269 908 432 152 488 801 998 575 623
235 460 896 834 628 263 331 981 388 540 304 475 70 943 437 925 605 576 302 556 408 7 784 681 106 421 348 826 109 396 778 348 562 461 601 653 500 145 216 420 866 516 615 773 473 205 87 678 676 385 548 97 854 539 128 519 752 754 593 729 262 269 456 1 779 626 885 252 144 883 950 929 375 814 366 385 921 780 141 972 706 308 869 427 348 616 50 994 723 580 38 864 92 832 240 376 831 532 822 88
525 796 529 697 290 375 413 251 279 185 411 748 584 284 93 811 340 860 108 33 392 365 660 173 641 968 123 515 492 399 969 460 453 689 573 853 793 151 41 157 240 350 740 232 537 96 548 941 655 315 536 148 951 593 340 166 664 905 159 491 548 761 345 189 711 999 228 642 148 790 261 697 250 628 342 206 580 601 641 671 507 636 77 38 766 321 972 248 392 115 499 583 806 537 574 268 443 21 984 847
64 859 766 540 362 430 552 614 601 252 470 975 511 256 559 241 297 333 61 349 404 967 595 682 334 927 731 578 760 258 870 231 359 949 869 459 724 770 935 294 477 111 44 404 521 816 355 317 43 796 564 68 807 11 744 777 813 249 797 210 285 985 760 87 460 150 488 263 644 116 138 113 965 426 956 869 272 234 583 791 298 347 327 338 188 327 276 113 260 464 279 845 608 25 265 595 794 991 564 202
225 939 140 977 531 762 227 766 67 162 171 114 356 51 675 43 823 610 817 99 868 936 625 273 744 349 131 336 778 682 103 778 570 551 768 458 643 946 37 641 745 23 64 130 524 276 730 647 586 933 388 491 42 283 744 659 548 40 606 903 144 868 603 364 722 325 348 609 19 806 53 710 357 259 812 620 96 74 204 787 788 218 491 819 726 707 613 590 97 638 886 845 311 885 710 528 506 864 907 413
77 730 975 599 554 15 512 336 690 564 823 471 207 925 468 406 418 89 624 598 639 743 441 6 291 470 804 663 806 816 728 903 44 892 365 80 790 615 115 602 833 430 724 443 898 639 969 965 695 202 804 393 148 52 702 790 266 753 262 586 142 528 888 907 649 220 785 639 895 976 46 53 106 40 492 887 477 578 661 47 693 129 493 540 928 568 788 663 191 118 361 294 500 864 986 828 805 955 785 989
751 441 600 383 962 866 719 951 434 185 917 670 920 203 832 387 736 763 748 321 20 311 24 860 578 506 36 153 578 316 535 351 7 440 817 603 685 273 746 12 360 274 422 83 7 501 939 96 626 345 446 716 750 836 96 471 183 343 764 784 892 24 554 49 791 347 367 441 647 981 623 53 711 731 298 568 947 962 720 294 218 678 773 976 929 405 591 4 375 399 898 848 866 622 882 777 629 841 245 161
571 153 255 799 420 507 412 311 438 106 453 640 586 691 774 519 831 385 398 514 789 340 62 759 973 1 907 160 595 520 356 415 200 273 150 268 804 303 660 281 801 170 936 754 543 126 530 105 641 706 645 103 329 781 552 873 507 239 440 881 557 59 234 410 347 861 3 456 67 155 601 685 218 729 423 19 226 185 229 993 196 230 550 334 618 521 549 402 647 378 215 49 748 18 375 744 77 10 812 928
131 10 588 937 185 80 777 658 749 520 499 191 875 124 79 786 25 406 439 184 36 182 567 802 646 802 713 713 518 977 181 588 130 214 275 6 912 84 668 952 333 183 728 210 358 700 674 260 365 964 63 707 795 190 401 40 837 44 184 410 86 694 955 667 819 854 260 694 134 520 936 346 590 901 996 13 667 347 863 599 312 555 28 213 559 707 467 121 600 634 455 791 819 865 420 61 677 407 280 621
599 88 772 464 809 306 300 609 571 81 126 78 244 646 851 358 846 78 22 379 985 161 29 921 945 326 209 966 21 375 57 757 88 899 966 771 490 109 737 622 338 251 578 149 561 870 132 981 291 663 486 912 68 956 347 550 827 768 391 628 175 956 145 999 288 203 801 342 803 578 214 508 667 649 258 625 670 271 542 122 27 127 945 826 466 175 326 400 31 44 230 879 557 184 202 767 717 177 476 725
376 340 226 664 853 867 302 971 945 856 210 694 391 47 58 702 141 784 512 684 351 845 962 578 390 410 485 791 515 123 391 37 104 758 986 241 455 633 332 557 445 469 664 49 790 784 197 600 475 362 845 581 784 253 684 353 269 419 490 283 809 103 908 41 105 469 873 429 540 849 982 781 614 906 818 746 610 713 75 458 272 84 698 551 168 210 511 630 222 847 884 207 912 687 345 690 633 350 674 406
48 651 899 106 427 637 811 161 138 280 322 156 561 613 193 616 558 516 349 379 37 720 149 620 468 80 556 484 228 52 759 341 492 355 841 258 726 767 103 659 274 700 721 981 340 760 909 439 488 684 705 538 810 481 113 360 342 259 167 832 518 588 204 129 248 655 735 531 303 230 722 782 259 861 558 519 440 196 313 65 540 916 728 362 965 249 45 563 580 162 163 676 352 563 532 620 228 842 713 474
558 834 28 26 571 301 614 170 464 54 870 63 116 519 749 59 976 517 141 124 522 219 756 303 314 495 906 863 336 166 676 45 72 177 646 824 975 842 791 505 705 936 608 752 115 860 947 755 938 690 419 433 672 424 647 128 526 361 349 647 503 661 600 121 812 512 305 140 553 773 457 350 503 10 91 446 732 120 152 518 959 355 462 683 111 466 460 674 243 395 862 805 921 395 655 825 948 193 407 684
284 178 437 678 460 369 652 656 164 449 508 884 741 162 711 213 472 896 303 1 338 389 273 342 217 545 483 988 693 800 119 838 572 120 729 547 520 403 134 946 196 134 588 862 190 535 355 97 388 981 352 304 850 395 882 372 159 216 300 632 708 867 269 924 27 763 488 640 886 496 737 824 444 890 791 799 488 629 497 407 93 388 82 32 790 768 744 147 989 111 7 215 836 154 136 332 974 437 366 858
400 577 937 144 155 358 960 650 17 853 278 435 871 805 637 204 158 888 771 362 241 481 375 968 995 464 945 242 608 773 937 254 389 482 277 627 275 4 871 242 920 371 361 444 266 3 444 335 615 584 520 329 546 392 973 178 974 725 989 61 794 624 762 461 468 156 587 262 995 543 314 407 625 574 537 495 27 848 738 36 233 703 702 26 821 899 564 999 435 727 989 313 35 716 454 975 311 765 441 543
958 564 154 951 425 965 569 10 120 199 887 307 238 262 248 530 550 412 244 529 134 92 512 998 375 862 914 195 9 965 611 647 915 309 188 932 347 875 705 885 2 786 179 41 130 54 261 120 112 851 6 570 912 697 662 21 832 370 957 583 478 929 540 540 778 410 96 807 43 152 574 71 315 189 170 468 837 283 605 117 64 923 456 681 997 894 239 111 815 209 111 152 178 518 262 428 358 474 182 309
825 361 164 417 789 323 918 659 572 407 709 378 224 178 972 557 549 210 229 22 888 762 601 847 1 119 117 470 76 533 658 720 693 681 167 516 975 345 486 457 903 384 340 671 611 414 586 832 52 278 338 408 415 643 565 450 114 277 808 820 29 19 163 88 661 216 109 891 571 807 420 472 6 778 182 465 351 537 573 837 543 306 356 729 88 964 814 120 673 441 722 573 26 700 792 162 805 542 313 116
830 552 857 33 3 474 376 967 609 656 898 12 413 356 385 29 725 67 574 684 565 440 889 978 40 433 698 555 860 691 351 333 618 234 777 518 5 786 994 818 471 646 498 203 407 538 189 464 97 417 11 553 794 189 328 848 729 748 869 166 392 482 91 36 439 415 994 67 407 888 224 737 819 669 697 38 161 267 772 270 25 573 744 94 563 905 244 404 786 976 219 654 587 798 986 406 196 299 450 786
729 260 408 59 325 885 109 9 859 906 410 185 743 390 247 701 970 394 794 669 643 982 601 251 757 782 146 184 704 245 905 30 861 456 454 729 199 944 484 384 474 491 847 179 586 576 986 956 435 193 694 357 793 582 817 243 689 51 260 845 592 613 342 203 571 50 849 874 486 849 729 393 457 196 785 403 541 373 793 875 23 686 952 339 123 511 656 958 383 763 878 275 126 134 743 808 821 604 898 472
169 826 826 433 122 944 197 755 281 588 367 808 523 59 823 778 165 248 1 636 210 871 677 413 237 596 421 643 250 40 612 205 984 391 662 582 182 215 543 267 673 681 507 219 431 617 95 564 809 105 17 258 883 558 397 440 634 250 938 484 488 993 767 685 859 38 407 218 981 836 112 469 108 869 424 769 175 14 118 733 747 673 238 40 22 330 308 452 751 577 538 965 375 415 171 644 590 1000 265 217
1000 387 389 314 881 413 131 25 647 135 748 410 381 230 402 339 746 251 613 528 720 294 399 189 706 332 158 402 115 215 891 651 88 241 180 810 646 351 713 348 837 700 410 160 642 731 883 495 818 35 380 728 943 86 580 527 307 10 224 936 827 38 699 557 226 583 69 330 949 218 612 870 965 511 976 720 312 495 647 465 956 900 358 910 760 474 909 890 275 438 594 899 539 56 299 737 944 879 737 408
846 753 994 28 134 928 395 825 838 303 663 913 541 397 912 282 951 496 112 164 993 19 785 469 174 920 94 878 667 956 133 72 243 181 562 132 935 44 955 903 858 120 906 260 674 42 601 122 608 523 567 293 744 378 12 222 922 247 21 222 243 469 196 833 462 555 444 251 420 830 96 957 931 965 567 632 619 289 349 13 432 573 775 831 223 90 441 222 131 925 567 152 20 205 608 690 494 266 96 495
259 889 978 908 375 372 745 418 352 801 409 321 637 196 98 538 811 985 199 549 736 946 312 878 749 333 345 335 686 622 752 748 465 316 185 191 941 347 681 950 589 944 997 187 82 998 976 8 133 766 770 409 365 552 520 337 1 658 610 710 186 174 738 788 625 601 641 586 128 432 952 574 176 444 916 132 325 252 979 315 359 776 695 306 922 828 835 712 642 467 555 514 676 267 167 241 163 65 638 169
357 961 712 186 959 950 357 513 176 691 533 73 328 726 828 809 865 853 791 73 245 25 915 392 676 405 153 384 524 500 244 522 895 896 559 847 647 275 287 500 535 823 138 956 176 805 199 36 252 326 334 324 952 173 892 403 805 558 159 373 198 691 130 423 77 425 80 712 608 221 299 990 696 765 413 284 176 545 664 788 353 957 696 286 698 755 940 729 463 997 337 809 601 559 594 641 581 109 904 663
472 767 576 935 236 34 410 585 694 178 305 484 594 681 982 223 134 350 359 255 706 655 573 987 498 805 608 559 261 365 788 473 932 24 656 463 448 268 227 704 524 940 717 428 210 99 777 42 479 613 593 914 183 249 495 589 720 960 663 637 984 653 280 411 326 538 858 791 186 159 955 216 556 780 839 894 735 551 445 196 280 520 256 804 565 898 574 274 702 889 228 831 73 726 838 579 373 458 847 205
782 905 195 263 208 294 664 526 161 366 338 345 528 740 750 365 236 516 895 909 251 480 171 869 668 925 493 634 351 859 470 492 215 93 953 726 815 382 971 42 894 624 164 643 68 392 333 512 38 746 667 644 247 409 554 147 631 33 752 583 732 674 477 218 854 779 178 285 684 410 780 109 666 234 191 669 164 873 966 533 462 84 47 624 949 246 58 359 537 759 461 62 147 625 391 579 203 121 953 418
111 817 625 743 954 621 416 49 474 160 284 942 883 171 900 903 641 965 636 160 113 422 935 916 407 779 31 199 453 603 584 909 226 824 110 509 135 767 219 521 528 875 779 90 527 692 787 437 399 726 91 161 436 234 545 311 480 237 836 909 581 95 14 806 76 349 170 132 476 490 55 896 796 961 524 857 139 72 125 147 683 418 557 240 10 416 116 738 31 525 251 631 795 807 696 679 599 446 479 661
628 658 640 824 712 394 511 610 721 859 694 947 757 472 380 812 372 56 73 635 755 855 918 430 413 985 853 969 478 388 230 633 708 496 280 632 320 408 846 401 361 962 292 230 741 32 83 742 548 37 375 104 358 883 948 249 681 47 950 255 546 975 580 905 787 903 347 526 636 158 39 994 98 762 523 231 792 792 998 685 845 545 401 556 623 934 336 707 46 227 407 593 533 187 685 57 307 38 364 908
163 295 866 321 487 206 170 617 971 738 553 954 426 964 208 315 184 57 445 906 394 432 712 401 917 333 647 601 15 356 917 340 313 473 877 101 734 238 430 900 53 890 625 955 697 433 420 19 756 99 978 780 1 845 160 680 416 56 315 914 898 755 501 290 787 16 462 615 43 909 241 223 771 193 681 251 478 885 233 546 250 899 308 769 905 366 84 635 883 576 511 906 697 346 696 996 517 435 327 124
149 471 156 617 170 315 441 531 902 366 693 126 280 86 975 895 725 550 361 123 175 821 700 441 217 862 986 400 957 798 119 926 615 917 413 765 227 717 174 776 444 602 786 350 398 44 738 904 74 561 184 194 575 90 451 920 860 770 519 388 636 316 705 7 203 315 975 923 156 12 579 313 467 219 946 630 952 263 316 742 122 89 451 445 472 708 763 354 108 606 525 625 463 882 720 625 313 461 214 439
189 802 727 845 356 232 444 262 820 1 19 163 378 625 459 449 772 485 333 246 796 532 953 312 140 195 666 876 336 489 433 497 545 415 584 663 70 201 330 993 315 175 895 282 135 959 220 839 638 952 873 119 378 858 250 843 879 99 30 296 513 611 46 389 20 602 708 368 262 2 149 37 792 57 323 957 720 73 724 588 472 10 83 471 199 161 295 839 121 471 868 62 518 848 880 563 411 33 369 601
515 912 774 879 61 310 206 556 472 782 946 812 226 360 482 561 963 355 32 769 644 453 160 385 900 932 86 119 697 56 716 875 327 734 437 820 517 312 784 584 856 409 494 427 949 55 528 848 389 369 30 769 689 166 246 251 319 299 864 232 728 470 712 541 490 496 465 687 72 693 887 878 700 289 677 677 328 728 748 757 258 691 357 667 324 114 630 280 383 497 791 640 440 657 938 835 772 739 282 330
269 679 127 391 745 833 523 104 672 776 791 819 668 945 117 763 878 977 119 465 929 931 547 333 392 964 93 652 703 598 465 791 826 607 192 318 382 819 837 356 105 43 143 363 250 448 528 728 836 962 471 807 641 705 971 528 916 882 506 938 728 431 650 795 891 566 785 85 120 15 697 662 38 406 482 179 173 858 585 79 701 12 84 524 197 273 633 826 776 131 956 408 964 187 812 76 830 713 811 198
811 517 366 363 466 901 153 167 154 398 71 174 740 246 479 790 810 625 308 264 611 871 963 996 141 972 772 629 979 301 20 59 702 82 938 573 116 296 789 738 160 212 307 450 818 864 166 896 553 267 227 806 783 166 248 269 1000 484 887 924 484 820 39 200 110 328 313 513 841 937 601 145 652 900 672 254 439 63 837 567 214 491 617 790 833 933 557 187 240 140 618 704 693 585 39 807 728 895 958 312
841 428 27 329 149 91 12 503 874 164 897 821 482 139 683 765 892 328 765 504 325 814 232 346 396 921 678 496 545 857 737 451 827 127 249 473 1000 809 169 865 932 936 805 183 473 132 933 319 647 296 316 179 374 103 794 206 501 323 234 140 409 583 7 948 971 505 32 350 99 102 373 724 340 755 737 712 799 22 301 142 71 97 111 819 301 423 979 783 972 591 77 287 306 208 143 260 470 672 732 495
205 152 202 998 775 806 380 187 583 59 348 556 335 596 62 966 999 889 672 790 578 81 510 579 582 880 673 331 863 144 656 450 659 21 602 897 17 371 99 210 466 514 421 342 230 409 996 355 251 482 160 673 909 719 753 850 228 67 103 109 341 455 383 586 773 291 430 424 669 339 518 371 487 631 296 792 716 554 930 58 750 318 751 654 847 952 141 741 367 137 357 357 186 598 774 165 632 163 330 617
664 534 647 304 745 478 451 457 702 505 414 557 30 373 136 894 54 959 916 941 903 663 376 850 744 128 374 805 300 266 104 672 237 822 949 300 796 349 1 420 238 227 761 847 588 152 600 923 311 708 818 833 10 995 860 855 288 531 307 46 625 639 297 66 973 238 993 629 930 913 648 982 371 92 774 291 755 868 807 405 934 712 383 389 950 985 593 365 548 546 361 20 964 481 302 69 537 899 362 772
59 586 608 758 58 568 90 185 354 68 675 415 955 681 302 555 32 572 466 131 931 899 13 824 896 871 738 65 270 44 9 723 944 341 538 260 172 415 383 722 684 439 157 543 134 493 138 933 877 20 682 247 400 941 19 78 594 965 905 497 249 109 337 45 727 358 590 721 131 931 149 92 31 111 795 251 343 43 198 514 229 213 986 616 819 910 136 489 158 248 88 69 446 169 679 552 564 717 712 100
228 662 183 719 954 652 793 119 301 175 918 774 678 238 326 801 576 19 61 557 65 192 628 501 503 912 549 54 195 326 980 56 472 218 762 914 112 574 890 934 536 458 594 101 633 423 584 587 322 952 943 474 479 220 4 43 362 238 670 154 592 533 525 858 440 880 530 860 831 379 196 207 840 561 809 129 579 527 798 152 924 411 37 406 936 455 735 941 44 451 839 886 504 56 805 677 872 120 696 550
335 869 442 147 295 453 999 188 673 818 665 472 473 639 912 357 96 379 750 561 390 665 991 161 405 225 513 504 888 996 575 781 912 281 156 439 34 971 258 354 275 174 693 157 378 919 898 240 868 367 145 171 265 563 522 464 173 933 428 896 402 797 211 865 253 879 513 327 404 239 6 213 899 595 39 573 592 850 123 595 8 771 292 326 15 860 179 507 122 270 915 99 690 231 648 758 417 117 997 795
258 47 136 849 241 896 322 963 636 961 735 909 500 698 567 400 274 413 943 69 622 456 425 55 57 602 841 496 681 324 792 907 614 360 330 214 193 397 57 244 660 928 574 540 453 400 15 387 812 132 27 156 507 428 843 661 289 20 844 960 586 746 569 765 250 513 191 421 129 976 333 957 893 74 250 166 579 717 602 760 581 429 132 20 132 438 415 685 603 982 639 145 495 162 916 481 312 205 369 940
345 436 590 976 855 757 70 181 445 715 795 450 91 690 543 397 54 81 972 901 56 236 431 691 320 426 796 248 231 819 540 224 989 585 112 105 110 815 591 936 89 212 142 206 837 868 348 101 768 596 199 84 274 213 98 705 228 375 128 382 761 886 127 627 769 871 235 935 284 325 618 331 232 947 780 933 36 280 946 954 845 190 146 889 158 862 98 28 442 91 380 257 410 344 308 275 687 831 899 419
522 578 195 662 347 659 392 278 754 293 772 511 513 155 876 549 817 536 323 685 608 51 178 386 489 127 636 108 116 958 477 443 368 258 496 262 182 241 824 677 181 473 958 683 525 769 118 453 839 568 686 351 392 80 178 586 380 190 272 737 463 185 590 915 874 810 399 575 782 50 694 734 561 488 569 398 479 636 61 658 739 81 439 958 98 882 311 431 575 466 25 907 150 339 608 862 155 317 907 302
973 556 88 51 824 737 35 33 932 162 728 165 9 77 976 867 111 628 475 113 97 84 286 783 508 941 523 893 946 536 896 515 268 490 764 891 52 378 333 412 826 239 404 103 180 429 163 769 896 439 810 199 665 924 523 725 623 394 696 620 647 656 537 430 574 146 335 400 917 564 808 387 739 950 990 867 361 793 226 790 627 121 99 783 204 852 748 356 89 952 706 698 271 699 766 222 689 761 773 529
381 953 53 522 589 516 647 94 352 628 757 854 391 142 19 873 378 802 339 912 101 975 29 423 784 303 812 854 955 412 293 994 122 258 458 258 138 303 110 140 916 696 937 894 988 799 476 691 708 444 105 326 759 68 685 571 520 712 79 855 465 803 883 868 312 297 752 636 536 23 558 147 145 150 962 295 492 555 532 678 974 864 943 583 342 336 544 926 674 941 488 402 331 718 454 169 999 975 93 605
709 625 593 916 526 589 955 139 680 320 237 50 483 680 305 294 641 236 91 54 54 122 471 229 375 479 365 974 886 46 981 41 573 279 679 155 146 409 400 377 617 456 166 659 491 67 52 475 388 753 261 478 769 577 267 219 592 176 481 643 618 456 905 201 724 425 958 98 930 666 773 354 228 65 706 346 909 260 103 442 201 583 516 276 791 637 73 649 34 606 469 382 90 658 806 793 801 318 166 842
349 373 384 903 692 594 220 371 856 196 863 216 555 425 927 348 806 847 302 814 134 478 930 286 939 27 360 937 478 968 194 480 345 837 701 807 677 421 322 850 217 432 929 890 344 808 110 732 172 863 80 605 333 586 17 267 482 762 570 505 266 526 839 635 916 357 355 129 711 45 33 231 220 112 732 234 661 322 617 364 689 158 204 44 273 328 816 491 10 470 978 715 568 353 287 571 856 564 586 109
