680 573 559 720 728 648 670 463 568 424 703 9 185 735 482 702 79 754 615 485 994 692 731 892 127 804 574 897 360 97 390 371 44 915 134 652 708 929 87 855 993 444 106 24 79 395 953 350 57 880 471 301 24 49 431 305 502 522 550 274 181 583 652 974 331 664 324 966 798 249 929 44 703 489 211 450 337 64 46 255 771 717 275 458 797 394 973 338 757 713 319 437 208 642 608 272 247 631 864 311
562 119 312 301 788 254 885 230 751 128 780 738 640 487 481 726 511 581 915 742 863 531 799 192 892 773 429 224 313 856 664 852 841 875 711 589 967 270 730 735 398 693 130 702 795 700 619 129 588 33 600 819 971 9 324 383 923 264 393 30 143 730 889 41 887 731 283 969 45 393 207 830 425 793 256 926 333 917 359 34 929 38 64 307 916 100 919 9 838 228 842 715 966 74 597 792 504 963 384 616
510 528 230 555 222 929 933 320 369 268 69 611 255 147 439 971 909 454 657 4 365 69 73 815 112 862 147 130 566 499 859 77 154 749 218 330 753 899 180 349 387 312 320 398 719 615 385 678 755 682 747 800 271 811 439 416 728 958 665 555 209 930 102 669 245 560 306 764 112 921 42 315 275 234 801 376 207 74 817 588 249 764 90 685 78 43 850 7 744 112 599 558 867 581 475 936 199 363 643 923
816 408 648 466 708 305 264 623 801 373 816 388 723 98 523 455 4 123 413 74 99 333 911 229 372 343 75 387 474 670 267 54 758 721 668 534 573 25 365 294 309 683 974 667 763 285 356 731 415 263 112 749 726 827 829 909 818 793 37 51 324 597 225 12 609 506 326 338 754 881 743 169 386 982 51 915 38 432 21 784 867 818 892 767 758 118 407 284 422 933 947 447 458 997 120 508 202 153 456 941
411 246 516 479 744 111 942 533 125 600 680 697 5 680 502 550 132 640 384 87 139 384 49 720 204 788 455 346 141 996 999 372 845 530 622 475 924 607 538 651 852 759 363 194 990 548 750 507 174 7 92 43 978 443 64 271 32 278 577 637 235 732 518 541 645 418 54 762 367 544 491 816 968 781 938 531 627 342 460 662 424 529 644 3 847 633 366 689 571 150 981 303 864 159 873 365 492 440 981 867
507 344 649 64 273 477 911 392 991 150 573 363 582 382 736 205 884 361 94 203 93 238 183 901 196 741 704 900 334 322 786 180 44 349 492 704 15 459 865 50 563 421 244 357 985 899 185 614 831 77 637 317 941 333 109 737 45 128 820 625 902 624 931 65 763 997 865 838 677 577 745 120 599 72 600 993 65 841 866 199 550 668 216 952 387 293 145 739 305 482 469 857 435 354 512 704 90 988 382 815
4 384 960 416 162 775 663 323 293 438 135 884 593 24 452 176 428 597 204 910 543 863 929 60 933 210 546 59 929 452 178 38 672 522 404 687 670 875 976 550 937 103 911 24 953 844 350 608 544 453 704 457 852 345 918 38 850 26 896 124 559 270 436 612 454 164 528 575 516 772 505 339 395 271 784 157 805 444 195 460 116 141 507 446 338 809 209 98 552 201 588 525 349 376 580 354 194 397 238 785
589 355 219 843 708 794 850 630 649 155 139 321 316 623 485 477 871 572 266 301 740 298 42 597 845 236 73 326 648 122 940 645 13 491 483 944 268 638 735 101 124 260 285 342 593 415 60 339 778 598 932 856 102 655 595 773 638 736 33 850 456 794 518 792 235 176 980 271 655 340 106 918 713 11 69 352 912 343 602 766 949 65 732 362 585 131 313 823 177 319 611 369 211 579 638 871 251 556 397 373
151 135 854 79 406 540 780 390 364 168 170 591 211 897 652 438 136 553 174 820 993 220 683 30 609 129 51 134 534 344 569 460 644 381 256 249 418 18 42 593 949 962 493 742 745 90 517 400 527 661 892 484 175 651 674 615 994 252 313 244 621 220 179 797 519 42 193 551 730 333 62 90 564 242 281 980 675 31 723 825 396 426 688 326 984 266 883 315 888 337 815 244 765 748 781 473 605 622 663 502
873 721 87 765 348 879 767 187 639 358 540 932 67 296 658 843 445 847 200 248 90 678 255 228 760 318 42 894 476 340 918 1000 159 788 194 1 400 268 366 403 420 806 613 764 365 47 92 408 833 871 138 71 326 207 919 234 106 447 87 741 536 614 531 827 644 289 368 89 41 569 269 700 801 34 102 489 238 820 337 742 625 293 697 378 664 201 250 570 138 872 792 70 948 812 722 228 506 769 786 780
450 443 571 942 850 51 714 553 751 401 550 362 827 627 348 635 686 716 552 542 701 627 56 684 287 984 57 972 439 409 410 386 267 361 354 31 187 796 869 906 156 264 715 329 666 430 385 589 597 243 968 884 974 235 448 620 652 329 468 140 154 477 103 563 535 5 254 144 883 237 234 927 555 591 888 501 989 17 715 6 740 395 591 449 528 529 707 39 709 923 298 15 533 284 313 184 260 280 637 954
361 677 125 801 666 646 713 710 600 33 749 114 371 716 904 8 684 533 695 847 366 214 759 754 278 383 327 187 159 624 534 355 71 33 802 842 126 489 633 924 237 615 39 93 453 10 944 436 955 478 88 629 1 567 514 835 370 400 41 771 425 228 621 215 721 458 325 785 274 805 630 259 119 876 74 266 262 4 101 631 665 822 50 895 126 739 414 490 773 700 743 559 957 294 879 582 922 376 589 272
819 610 465 472 250 632 346 733 271 721 805 403 25 679 35 380 428 373 409 377 787 993 392 36 805 17 12 662 18 578 845 46 204 864 103 61 481 657 117 485 652 803 416 597 216 385 95 427 919 636 689 621 798 190 688 363 940 652 105 348 782 272 85 819 128 441 57 480 554 734 168 195 321 333 681 336 409 540 277 618 299 136 94 12 197 33 678 886 165 673 77 136 777 976 457 703 262 164 610 234
618 230 906 486 656 599 798 678 428 147 183 396 161 576 589 670 436 401 720 496 944 960 853 617 416 448 431 150 997 866 21 28 135 400 701 408 87 937 67 561 94 103 634 727 728 821 708 896 576 382 608 285 59 116 995 814 49 465 238 239 382 828 887 552 201 830 140 581 168 436 650 868 751 721 795 556 346 408 599 453 412 738 623 512 188 270 902 652 770 403 1 718 109 738 602 454 326 775 936 345
917 728 910 667 948 353 694 990 981 953 862 590 843 476 977 606 532 364 9 312 810 334 373 387 178 893 196 289 345 87 465 333 930 677 595 126 9 830 992 419 714 424 462 930 149 432 873 182 414 49 666 204 573 349 639 993 489 435 179 41 739 82 251 313 940 788 61 605 606 486 45 958 984 533 804 514 321 225 819 976 184 90 239 251 273 497 360 291 691 981 859 245 914 948 138 903 668 530 128 804
322 334 286 876 943 784 274 54 9 744 327 694 947 268 128 507 984 28 967 941 483 502 670 26 482 867 490 305 257 808 511 195 735 79 738 489 903 229 863 728 887 717 719 473 603 506 474 667 726 894 818 286 534 633 358 674 237 937 358 760 783 887 214 212 458 282 940 361 466 273 584 521 49 251 869 320 308 179 945 312 132 858 682 607 248 643 225 174 349 931 352 207 197 79 510 548 316 202 284 25
318 492 942 470 34 219 778 324 7 991 960 449 182 825 731 383 969 558 821 10 31 391 855 724 941 192 405 997 148 561 118 411 919 295 409 839 751 798 961 637 270 485 668 763 493 515 645 188 659 161 549 221 673 684 67 224 205 586 650 604 330 796 645 936 759 192 954 89 195 776 457 805 3 16 855 996 794 14 470 250 780 300 794 479 746 653 81 393 795 309 469 743 876 41 379 893 906 38 202 40
360 240 890 309 169 135 909 711 716 194 789 778 160 866 827 196 376 584 632 567 208 865 237 824 536 493 212 593 584 879 140 946 876 4 351 442 473 474 431 265 189 776 658 779 552 726 789 960 539 715 94 520 976 655 852 552 506 481 77 120 740 277 549 675 426 9 866 894 96 655 335 97 760 158 267 797 651 754 134 321 719 337 138 777 454 922 877 400 570 928 462 538 988 287 729 782 625 706 132 793
642 221 656 740 383 564 552 229 661 458 819 176 567 925 633 938 826 528 109 654 787 248 815 555 413 868 248 681 994 117 446 242 715 11 802 835 3 401 235 647 714 104 399 606 868 705 74 994 555 686 962 365 399 571 639 818 166 170 706 784 197 551 482 314 979 260 731 259 403 393 976 384 135 49 712 26 446 947 73 377 675 922 540 313 847 110 183 92 122 171 642 443 748 581 355 127 926 902 371 425
744 708 637 319 678 632 30 70 380 43 739 790 716 723 44 826 594 836 431 374 925 572 969 528 695 331 617 420 976 511 865 45 285 872 673 200 163 573 947 649 806 345 965 996 735 923 29 447 312 389 769 204 679 132 953 754 671 630 966 688 418 898 862 275 172 337 283 690 62 268 329 434 888 56 100 644 229 234 696 696 274 276 503 592 623 579 140 227 661 353 813 42 718 851 231 444 447 584 212 542
484 663 587 988 258 958 52 101 675 766 771 630 257 110 71 77 606 171 264 314 429 432 730 592 344 93 54 208 700 359 978 847 808 620 971 807 496 854 347 160 748 268 680 616 456 286 89 162 467 953 932 211 223 153 320 956 32 778 44 297 836 241 625 471 838 916 634 585 566 767 82 133 33 779 207 995 527 743 90 569 670 397 570 811 855 927 144 711 763 836 901 770 475 649 481 466 508 168 121 525
989 700 275 123 62 897 976 493 190 519 901 564 300 639 463 139 370 306 453 330 662 257 252 215 126 191 47 470 497 701 45 52 205 105 941 785 529 745 45 766 746 46 919 770 157 881 47 694 621 976 515 635 624 248 707 365 456 992 974 83 54 690 468 16 860 540 599 629 911 108 738 318 679 693 189 269 471 992 848 318 963 251 344 146 77 226 11 249 813 421 459 165 726 770 861 822 532 426 99 599
419 374 55 366 859 419 201 731 277 383 338 242 238 892 197 442 847 17 910 696 249 992 397 921 488 706 294 580 390 153 281 912 150 845 502 962 253 600 96 946 966 550 988 254 366 504 769 977 233 187 748 557 157 784 323 79 531 701 388 521 890 788 396 69 381 861 263 96 691 261 504 964 200 46 38 373 592 941 549 467 250 927 112 126 45 133 226 180 628 676 960 83 303 344 226 382 733 788 518 159
155 171 393 52 45 270 96 384 605 587 811 46 713 381 656 436 386 151 421 268 8 504 417 288 715 956 848 861 588 758 645 417 404 505 737 186 789 424 858 629 87 19 187 504 136 517 222 865 349 484 792 693 760 621 412 128 208 220 874 961 718 257 929 427 966 232 590 173 68 190 289 257 105 844 90 378 804 138 653 987 946 547 635 965 738 932 645 551 699 290 378 642 521 934 806 868 647 134 592 182
410 462 127 419 548 613 183 398 521 461 238 634 426 635 580 387 929 317 304 256 8 842 836 119 232 684 739 611 647 991 816 366 135 278 64 907 562 191 661 455 205 873 175 25 145 274 707 793 21 319 317 439 907 357 585 316 312 625 519 311 213 670 574 253 222 962 674 595 122 65 827 781 637 361 871 794 166 703 977 35 452 9 596 728 21 102 717 437 281 651 124 571 482 394 548 994 551 731 665 606
218 937 1 207 760 6 865 629 410 436 421 400 535 619 952 762 313 545 376 381 137 829 319 888 577 412 502 444 712 590 273 116 517 50 137 899 860 610 629 704 216 259 403 687 309 49 980 954 424 371 910 627 139 761 827 656 422 57 832 213 818 777 264 995 452 831 179 31 823 392 349 655 811 153 330 12 150 478 858 194 88 575 113 180 629 532 929 734 998 36 892 715 563 403 764 595 277 229 2 18
210 275 655 903 618 665 235 334 423 438 904 806 441 440 614 623 651 131 462 658 381 457 979 983 674 412 303 738 447 631 626 212 550 253 20 526 694 349 81 178 632 799 502 730 174 332 701 734 889 436 452 515 591 940 21 896 807 406 610 990 98 392 73 280 310 980 62 179 423 203 60 646 245 789 673 703 67 179 291 50 32 305 374 199 651 322 634 939 819 31 762 30 424 966 997 410 999 289 682 84
252 775 558 248 590 780 774 995 863 900 331 221 70 227 875 984 40 135 683 186 291 743 434 784 69 74 375 96 729 622 733 731 690 382 704 873 155 229 19 240 236 19 845 4 59 34 577 510 237 84 838 554 923 826 90 708 236 726 345 650 564 253 355 853 953 98 419 641 815 741 902 326 437 800 563 345 418 489 928 250 856 408 895 632 232 563 829 712 12 503 595 443 477 403 839 340 919 548 371 318
10 612 475 315 669 946 873 879 252 143 714 44 754 876 693 450 160 673 950 671 713 306 60 506 331 32 604 575 431 483 22 626 762 366 8 505 733 492 164 90 993 835 221 149 422 738 973 101 725 817 34 871 836 35 807 106 751 143 987 285 2 53 661 557 389 128 935 843 192 983 559 971 487 851 471 573 997 642 484 535 862 872 640 995 464 610 227 178 707 20 638 312 446 279 4 879 58 975 533 520
548 643 897 922 439 479 78 564 348 913 787 553 243 136 920 995 358 7 579 165 565 454 324 416 379 603 497 551 768 857 132 183 697 660 163 294 347 438 672 583 112 425 601 629 746 404 576 764 298 580 242 357 950 971 121 704 335 113 995 845 452 548 867 663 598 439 595 760 428 729 143 19 306 77 741 251 649 945 313 166 194 647 816 210 135 866 832 907 298 227 675 637 826 921 697 37 760 159 826 847
495 488 145 978 189 383 801 737 740 324 298 467 14 990 202 948 962 1000 559 755 231 457 709 568 87 714 190 143 850 356 876 829 663 895 183 809 260 68 647 275 150 246 508 653 835 634 596 46 176 242 737 829 749 440 584 303 148 449 948 86 74 857 895 92 626 921 480 390 638 852 32 393 228 562 431 553 436 851 10 377 297 691 546 819 345 216 415 637 438 289 724 860 797 580 406 42 31 999 892 916
648 645 136 880 910 135 743 852 549 186 436 361 540 763 543 601 278 692 334 755 368 885 21 74 789 522 592 782 674 287 993 623 289 501 499 140 143 148 84 587 166 168 738 722 583 915 73 673 170 422 432 305 493 572 108 421 720 179 423 192 989 448 960 676 214 376 635 469 856 82 264 485 255 450 151 741 797 111 184 445 492 143 345 158 707 96 197 972 618 247 531 343 240 587 442 727 400 423 315 956
30 203 617 907 185 464 83 474 280 278 699 139 477 915 487 395 216 231 852 583 578 126 541 584 595 681 267 766 300 416 324 313 679 769 4 999 933 4 469 91 17 800 852 976 738 150 908 596 568 733 215 271 523 637 64 180 979 288 383 718 27 915 929 525 826 935 845 740 704 665 623 284 880 740 194 480 598 619 125 479 792 986 913 779 249 220 103 733 995 615 737 54 531 99 742 591 925 656 421 968
228 471 189 835 258 804 372 626 652 816 196 240 519 96 415 187 964 314 972 30 398 986 770 387 888 590 717 730 258 878 547 142 60 805 887 70 810 597 525 100 274 307 513 263 106 630 714 28 667 126 573 475 974 422 825 842 373 811 609 523 885 586 722 298 898 867 452 381 782 789 687 765 273 239 72 596 861 829 130 892 682 748 280 278 651 641 158 549 167 496 450 256 615 470 133 308 50 449 691 66
115 344 6 565 162 288 157 45 97 552 858 700 203 317 216 542 973 583 451 956 644 975 78 644 561 125 220 25 553 12 688 345 771 390 413 957 239 283 895 874 128 641 99 250 256 433 596 69 149 808 135 796 971 131 214 61 749 177 973 803 764 59 628 762 99 702 440 525 113 917 799 924 36 762 800 230 139 352 433 758 357 93 818 458 885 854 664 248 106 609 861 941 401 76 436 799 442 623 870 431
671 829 337 16 388 458 749 653 780 74 44 502 146 248 463 415 324 365 508 407 885 817 854 20 214 888 3 816 189 758 447 307 418 13 94 321 494 403 566 266 604 110 537 706 700 151 283 149 314 211 392 52 498 102 36 338 51 576 420 278 787 623 786 381 894 65 717 266 281 698 449 29 338 577 205 692 59 870 350 12 312 112 390 195 534 760 568 362 525 733 151 288 63 172 467 154 805 271 812 699
273 614 389 242 264 23 81 15 228 502 185 703 407 770 140 85 511 952 6 342 232 833 861 847 788 971 329 264 486 852 657 908 356 312 178 653 193 939 684 493 834 845 688 604 423 796 933 697 525 458 75 123 438 531 397 680 314 349 303 188 56 151 763 924 904 429 276 9 374 450 529 875 906 867 896 952 101 441 224 244 687 153 398 701 491 70 508 911 649 928 809 621 382 759 465 449 528 480 969 163
96 107 176 413 976 926 607 767 507 366 616 520 695 427 920 615 755 851 251 457 826 852 795 800 232 375 808 260 189 25 75 834 276 601 845 731 364 402 425 855 894 449 744 846 280 914 239 757 376 909 185 787 281 292 440 198 233 738 361 947 768 119 163 84 721 860 848 742 913 782 867 304 14 940 108 429 821 873 763 928 906 175 565 76 847 951 782 302 484 530 35 200 873 246 192 157 545 364 560 366
973 625 15 149 302 262 23 903 715 501 71 498 603 678 640 939 82 833 705 186 301 764 701 258 83 359 603 971 803 751 227 121 832 828 973 892 161 509 890 565 205 348 619 204 298 503 642 360 821 433 49 260 836 972 938 570 924 844 900 468 255 68 651 818 651 73 701 415 991 559 334 414 81 594 84 34 419 437 988 101 670 144 508 712 263 587 131 874 402 335 451 583 258 820 301 205 685 631 876 380
878 878 73 764 225 381 643 885 380 947 761 517 750 692 802 247 86 389 943 445 948 268 729 460 256 199 709 798 71 847 205 383 300 85 370 525 254 195 429 127 116 168 385 76 82 759 201 761 980 208 39 596 593 830 803 238 735 935 187 468 824 592 87 820 945 663 664 117 72 742 228 10 530 997 11 231 169 154 3 486 395 37 20 322 579 300 938 583 708 416 243 529 224 200 185 990 655 701 569 949
679 973 158 407 847 939 47 65 739 32 343 876 448 481 389 437 617 632 470 10 398 706 315 772 603 999 142 431 278 783 55 334 761 367 305 66 322 722 658 810 244 238 165 74 40 378 58 283 943 486 354 881 870 205 220 796 161 12 512 683 682 609 707 223 576 836 686 69 382 585 146 332 832 371 739 832 133 840 372 633 974 36 257 140 620 984 3 162 791 698 28 930 974 133 143 982 68 470 545 458
105 247 587 285 792 760 960 787 250 238 74 401 739 205 627 37 770 742 167 377 360 260 481 549 428 546 33 286 616 290 106 688 449 893 262 838 180 327 244 896 42 293 390 401 617 456 6 217 468 720 388 50 135 4 561 117 528 781 218 69 51 802 87 229 300 433 65 817 697 278 78 138 440 649 266 926 971 330 912 618 369 157 847 343 349 728 715 599 863 731 252 439 218 261 339 880 351 929 961 379
411 13 509 763 691 733 754 716 317 697 278 318 390 140 130 475 758 98 125 902 889 207 762 71 398 121 70 265 458 907 816 23 960 753 580 242 383 827 55 125 913 622 632 187 680 610 513 407 573 56 355 366 976 315 690 294 364 516 856 226 632 690 495 106 926 459 104 395 210 411 292 667 74 493 650 247 92 569 942 666 353 580 869 142 136 498 832 91 807 163 250 799 567 43 799 50 246 982 18 942
140 265 916 269 182 3 347 399 568 317 628 680 287 295 988 257 772 236 44 143 146 899 232 664 650 22 627 469 385 745 239 297 960 791 682 722 205 994 471 977 20 560 512 895 541 75 190 200 248 252 891 293 823 84 669 702 887 185 219 429 182 300 556 642 52 389 609 761 429 49 720 779 530 408 91 408 739 704 708 582 42 958 452 927 418 533 121 717 175 568 87 870 662 851 828 507 576 256 130 291
373 52 429 379 170 899 815 619 664 349 798 727 286 187 44 959 971 576 303 299 808 472 565 471 201 323 30 524 497 204 62 684 254 804 539 526 162 328 699 434 481 514 584 915 668 190 651 763 592 753 515 543 177 671 533 461 129 276 405 380 331 184 940 615 564 557 203 444 545 436 375 308 804 837 408 100 264 310 583 818 496 568 585 972 673 355 517 800 88 60 697 744 555 547 145 951 209 498 301 503
475 209 531 210 635 687 622 337 405 681 48 229 911 579 218 544 861 210 291 743 927 935 241 737 464 887 502 788 276 642 451 604 609 342 717 456 44 101 818 71 149 456 623 698 669 551 21 265 712 909 451 406 581 638 943 110 793 197 224 465 334 519 303 298 87 141 442 16 966 722 155 997 214 842 74 684 887 489 660 857 573 859 353 808 514 127 206 719 560 181 912 409 528 758 90 262 968 698 259 449
444 76 429 172 29 817 960 770 154 316 121 305 520 371 366 133 461 575 905 437 453 186 520 248 250 861 150 311 383 906 686 7 797 737 187 679 905 89 806 212 585 645 675 580 529 909 292 284 854 709 430 52 176 742 591 515 600 557 990 10 3 211 57 589 473 789 863 860 259 543 617 61 859 416 516 690 299 735 163 253 515 993 758 155 662 225 635 595 122 554 45 878 493 526 575 970 575 67 585 996
902 583 225 944 92 815 208 224 906 820 88 40 400 94 767 447 222 336 415 379 788 825 906 120 857 50 772 839 960 609 379 483 915 635 226 387 275 883 36 490 197 726 868 955 112 971 27 839 991 871 294 319 111 91 76 586 882 489 731 965 561 281 57 934 511 451 617 861 276 177 797 273 696 978 571 438 740 310 688 117 988 294 779 892 351 688 414 712 957 267 681 74 380 85 420 152 709 1 720 755
989 606 620 790 233 171 600 410 473 903 853 576 616 776 911 106 74 322 645 485 759 250 576 883 617 521 732 633 131 328 916 581 427 248 394 636 461 668 987 118 76 338 404 549 966 655 734 737 39 772 247 988 959 617 497 811 755 930 418 513 10 66 570 141 650 55 600 725 409 962 810 473 68 929 979 151 871 373 534 52 716 978 649 757 965 505 920 760 53 76 836 87 740 435 384 840 742 439 522 748
870 669 160 5 951 764 842 735 421 865 605 493 945 432 775 166 90 164 978 960 498 270 63 534 647 155 226 743 541 178 692 681 271 478 692 341 313 980 155 194 89 493 988 556 274 40 465 696 212 755 450 766 986 393 777 488 292 897 343 420 281 642 594 612 38 100 783 739 164 157 117 723 585 851 433 568 213 201 451 948 770 605 814 112 977 787 895 869 876 735 914 754 800 625 241 448 221 65 703 466
629 93 766 327 931 769 403 110 357 114 750 250 891 474 91 910 993 272 732 320 312 799 549 873 441 494 607 536 179 841 726 855 980 631 306 197 561 991 961 80 294 584 165 602 596 248 560 460 154 353 571 860 425 433 569 745 780 391 26 160 269 143 392 368 886 533 6 651 504 406 36 200 696 838 37 565 270 47 886 155 519 314 481 760 935 920 631 269 783 378 871 980 342 417 160 599 109 599 130 990
954 662 882 656 565 801 904 827 697 340 395 305 400 307 507 929 262 306 305 837 340 64 476 173 587 484 270 506 150 203 403 47 546 288 904 163 425 854 939 234 38 682 64 399 848 421 73 246 797 953 398 113 425 703 622 604 727 894 375 594 452 906 743 412 916 382 359 52 749 443 705 962 722 119 19 96 543 651 781 28 401 644 462 649 240 578 814 570 263 414 922 78 470 311 958 938 13 832 942 892
8 624 86 305 133 404 853 615 685 681 675 335 692 692 615 859 692 920 382 934 785 656 360 563 869 404 789 649 343 557 846 111 628 539 83 266 755 461 546 973 328 755 776 906 675 405 123 469 685 367 635 114 655 297 376 123 820 58 112 204 661 221 788 811 199 399 105 544 360 475 677 970 887 991 664 597 694 409 978 508 887 358 93 271 156 842 83 770 67 538 173 776 457 919 122 971 305 704 391 944
590 79 377 607 697 427 730 709 928 677 554 221 632 673 1 490 804 616 735 550 393 986 8 718 846 964 13 341 725 562 745 232 252 383 978 131 532 937 203 802 387 633 411 68 145 993 614 693 461 843 355 50 376 183 172 416 225 917 84 843 611 634 909 608 553 250 778 944 336 304 833 51 633 906 686 370 860 926 304 178 729 128 344 141 3 989 266 825 489 471 511 152 385 416 610 830 696 270 1000 579
772 553 791 367 516 257 480 994 334 987 234 557 531 598 442 211 491 685 499 217 788 854 785 526 116 135 239 830 908 408 847 137 343 13 882 747 224 735 781 547 421 383 977 745 669 675 884 624 813 355 187 107 570 294 528 548 777 949 568 286 409 33 936 484 652 136 214 239 450 710 490 411 366 463 582 151 17 196 151 717 631 75 412 148 394 524 652 337 489 911 200 243 687 45 921 928 138 598 267 778
289 372 927 824 120 851 924 128 904 338 508 442 509 794 330 630 417 641 783 768 299 545 933 734 815 804 102 873 118 990 59 871 605 566 83 967 17 594 707 452 25 197 832 451 618 25 106 917 136 16 551 862 527 475 819 136 826 837 516 176 66 29 228 693 654 745 322 83 598 683 339 255 647 180 814 225 774 921 843 639 981 148 14 147 53 413 637 64 809 298 33 259 694 671 335 853 430 804 407 582
45 623 483 1 173 898 692 31 43 675 579 523 421 234 736 981 416 416 339 528 924 51 377 842 934 50 176 803 411 339 371 746 950 753 481 360 565 60 618 696 58 356 267 289 325 25 733 453 32 107 368 751 377 445 142 425 101 662 89 48 17 740 6 837 437 620 47 327 596 687 829 778 707 943 124 911 144 521 361 323 435 631 875 439 339 743 330 592 328 179 97 52 502 76 684 560 569 860 859 512
404 116 183 518 84 392 488 147 129 659 132 713 109 298 543 130 805 408 533 23 450 542 610 133 533 321 921 51 376 812 640 144 766 796 372 341 196 590 124 859 163 740 606 441 130 464 754 485 900 315 684 826 66 770 819 100 498 793 647 564 446 33 142 722 648 277 432 178 448 160 943 637 727 755 602 933 170 648 830 203 777 733 265 294 900 700 189 260 321 540 172 724 523 931 805 683 699 340 37 192
217 155 557 413 892 802 94 104 843 443 906 771 197 993 328 46 673 242 167 68 919 355 740 172 58 821 500 406 947 754 937 232 526 23 844 325 504 932 926 495 134 412 750 585 131 935 472 349 214 670 931 724 618 609 764 384 379 803 336 236 37 746 905 290 585 723 795 825 720 482 395 102 986 900 344 595 111 262 321 40 960 848 358 644 705 111 831 353 7 40 136 602 825 434 834 765 368 686 594 890
946 989 336 73 895 340 9 296 988 499 112 245 52 586 262 465 415 332 690 364 643 23 89 744 400 161 565 781 289 938 632 721 885 519 739 989 499 774 387 623 940 923 149 990 331 592 44 222 834 141 441 570 46 52 174 730 653 681 660 98 598 55 223 527 146 801 252 70 136 66 137 90 959 784 493 730 683 419 756 745 508 512 792 893 240 722 309 859 319 284 636 523 377 439 513 318 473 905 579 711
293 396 259 984 475 229 529 342 164 150 115 87 751 388 857 389 100 364 696 253 350 114 948 672 334 471 127 325 754 73 513 306 920 674 524 500 158 72 663 215 78 395 716 590 664 695 604 594 387 873 41 776 54 322 889 566 398 677 435 285 98 800 260 107 813 261 821 156 967 247 687 234 285 808 247 683 878 760 724 159 906 123 854 103 591 316 536 908 310 115 987 469 596 370 506 860 452 223 609 231
526 185 251 501 875 346 64 724 269 95 224 510 826 482 319 833 932 750 404 79 473 901 416 802 108 430 483 163 44 196 591 384 620 863 720 400 945 670 493 49 248 460 658 838 629 656 691 818 557 34 432 772 579 534 181 617 42 386 760 996 163 822 466 736 208 482 195 599 614 167 703 833 529 266 930 534 49 827 866 389 770 679 338 742 956 678 151 975 253 399 589 295 662 167 765 551 753 810 465 548
155 966 351 141 368 232 517 94 706 571 790 973 116 554 857 380 895 679 971 371 779 763 583 376 12 409 674 694 573 506 26 830 967 752 676 969 180 251 659 848 777 872 86 815 440 905 40 851 689 785 255 627 296 613 732 981 420 32 80 711 608 201 439 890 159 367 230 361 145 360 515 82 511 921 11 77 383 519 29 390 983 25 25 530 250 105 544 241 81 843 342 705 797 701 238 48 51 527 138 432
502 123 236 345 602 999 861 394 831 386 552 987 721 586 435 439 5 543 680 690 241 344 138 236 790 469 601 40 94 464 956 575 984 107 708 86 718 111 780 421 518 755 149 260 126 191 143 19 309 565 520 494 430 508 107 791 83 407 986 918 718 298 416 794 87 783 567 476 150 525 778 464 338 499 662 7 247 103 602 661 997 980 807 602 163 749 147 286 483 269 31 39 792 584 958 894 340 596 155 857
8 951 918 350 604 446 337 551 288 490 654 239 705 625 221 49 680 174 83 968 611 972 515 636 371 789 959 219 384 250 292 802 580 855 77 383 642 665 234 163 206 121 464 203 357 219 442 468 829 283 336 282 837 574 436 287 408 488 457 337 639 783 773 113 500 218 688 956 31 115 818 225 128 501 652 295 818 195 97 552 690 63 627 592 523 964 775 714 831 786 377 17 349 626 532 117 12 271 919 48
229 710 373 534 379 402 471 288 454 639 808 511 390 212 444 130 81 654 737 266 119 339 270 883 933 930 570 741 755 971 446 61 352 981 830 511 887 376 34 581 357 241 961 846 243 832 279 61 123 420 370 103 121 74 118 287 254 123 244 82 282 954 797 556 947 593 970 465 561 637 513 824 926 454 715 818 28 70 516 519 129 733 148 452 827 794 475 71 373 648 357 579 46 542 395 233 464 464 815 334
627 916 475 657 678 346 948 1000 45 240 242 271 470 55 592 959 25 402 289 792 18 976 409 567 600 833 242 887 543 665 696 103 930 581 580 400 871 931 188 843 82 341 711 439 212 34 728 75 341 200 186 268 461 167 689 837 683 527 611 916 39 894 670 180 724 822 191 215 974 889 329 353 443 76 659 384 413 778 228 741 9 885 277 593 604 504 132 88 3 569 727 835 405 451 171 994 201 642 767 125
511 175 113 338 492 117 308 184 255 667 609 954 839 7 702 471 447 117 121 523 157 650 855 149 7 308 165 136 641 445 11 817 178 634 199 716 377 348 871 369 321 885 505 507 758 320 30 340 269 632 577 55 552 608 778 440 64 170 120 2 471 548 49 339 993 684 982 743 457 656 353 169 941 448 895 632 162 804 102 13 229 269 968 358 511 674 56 977 532 927 77 622 600 899 497 870 623 765 908 67
154 677 657 782 47 54 594 465 937 242 216 409 246 914 994 872 307 193 788 116 645 112 206 759 9 993 134 422 475 154 206 766 144 296 636 367 313 679 745 364 426 873 544 356 417 136 548 161 9 5 133 515 796 386 939 879 561 665 691 312 50 424 859 495 168 888 449 867 666 629 462 509 195 356 828 467 17 540 516 623 398 679 467 646 458 846 326 700 28 507 753 231 231 750 546 356 258 605 280 417
983 326 596 56 912 360 240 743 669 543 601 309 590 168 280 726 197 333 205 166 877 925 428 947 313 947 153 953 156 220 517 412 449 789 572 806 50 64 600 514 721 393 596 668 80 720 520 320 722 262 649 215 350 156 238 498 992 322 950 767 594 883 738 164 766 661 594 52 649 930 158 351 821 773 319 63 688 269 472 348 343 821 299 891 724 249 840 874 817 548 253 860 50 227 693 869 190 186 463 804
133 114 356 343 78 73 739 955 298 204 726 610 31 673 187 674 712 913 71 434 774 216 372 992 158 458 492 972 975 891 96 974 951 668 833 212 770 213 602 907 550 140 361 797 989 534 913 22 803 545 319 737 954 709 74 511 396 301 452 985 93 892 677 535 690 739 875 231 554 308 204 445 778 878 311 181 453 37 116 625 834 64 262 508 650 932 666 44 884 940 409 30 83 125 483 656 958 796 407 708
315 344 219 152 218 263 712 686 741 733 517 364 243 466 202 579 578 970 440 425 44 852 764 884 445 923 257 991 727 623 90 417 970 703 455 229 851 873 587 381 624 443 980 41 102 66 786 123 904 296 242 871 464 482 815 244 179 134 141 698 208 978 373 192 624 515 936 977 870 653 831 823 645 781 488 711 864 594 459 394 27 670 458 590 794 567 885 4 231 274 70 459 25 473 893 662 572 894 894 431
575 911 671 51 604 956 892 533 111 342 184 71 769 874 179 129 961 188 463 340 317 446 90 783 234 230 375 523 217 524 900 218 949 124 614 564 243 818 110 225 30 761 800 736 96 398 871 581 1 410 188 355 968 868 682 349 830 332 70 424 808 519 737 339 75 721 341 553 508 205 198 610 887 123 597 673 794 343 848 620 558 887 209 939 613 280 507 749 140 709 236 241 2 67 628 369 261 640 652 245
595 261 350 625 180 166 590 665 30 381 374 121 251 163 657 68 56 567 759 511 182 603 951 535 636 126 333 35 9 460 63 748 164 480 509 317 742 817 496 832 927 397 973 323 503 264 655 242 683 942 119 695 645 941 192 804 43 900 193 578 541 145 718 639 975 871 752 532 359 63 173 797 669 627 636 502 682 791 781 100 516 302 799 868 388 908 923 108 940 85 979 143 676 533 314 565 414 481 25 158
376 717 98 512 315 174 179 116 525 161 544 443 609 922 1000 497 924 892 902 419 607 131 844 858 774 143 821 405 994 127 385 480 248 742 496 806 539 609 381 877 573 570 591 556 77 255 127 638 759 63 756 371 129 454 21 34 780 93 71 750 784 279 417 467 698 367 465 99 707 711 743 758 836 437 949 994 862 899 279 332 161 496 393 396 518 118 667 765 211 635 168 901 215 918 142 891 674 611 588 511
846 529 255 721 288 461 678 652 493 235 366 674 499 188 612 585 973 838 195 436 583 354 63 753 134 673 896 733 167 972 426 213 126 748 806 652 527 291 902 306 958 905 746 595 839 760 617 996 663 9 594 900 982 922 437 942 269 2 594 720 572 141 410 860 985 782 846 926 568 214 230 379 824 460 441 598 575 337 372 816 496 698 632 908 86 819 74 996 171 213 144 658 899 221 1000 513 122 323 29 125
929 518 332 116 440 563 596 901 146 427 677 809 72 2 130 645 65 343 461 938 908 978 604 659 656 169 472 481 537 723 810 67 722 52 332 839 894 352 159 230 342 738 287 418 608 537 562 927 37 566 456 404 945 254 61 157 692 408 284 583 33 444 294 879 686 652 733 271 303 95 746 37 680 325 501 396 685 819 194 279 421 969 370 123 686 593 315 568 57 310 364 520 698 232 786 120 383 896 200 49
592 782 116 946 360 255 780 183 606 815 790 806 748 49 177 847 470 60 626 951 399 563 847 733 182 604 308 974 401 348 19 708 47 633 346 572 45 231 786 967 609 674 713 522 791 795 307 33 915 98 943 318 681 162 967 446 808 36 951 693 999 577 435 765 657 490 277 41 557 84 352 322 745 568 993 110 16 1000 170 508 128 394 855 608 394 983 279 720 100 740 732 925 49 687 821 664 508 300 890 291
432 930 43 40 946 501 636 125 120 845 9 96 394 111 993 858 212 366 657 612 551 402 131 791 103 248 568 983 260 163 912 121 221 187 514 608 701 81 134 772 164 754 805 942 724 131 910 30 98 649 7 475 229 153 91 935 623 666 757 832 920 507 348 227 113 936 893 652 171 265 752 690 315 946 760 254 654 413 296 149 16 867 722 71 873 418 197 67 995 115 464 600 169 558 530 106 444 579 534 404
317 804 391 104 70 802 657 334 85 980 29 330 384 318 189 295 7 281 466 148 360 644 210 526 230 467 927 240 516 616 939 532 385 169 753 719 637 179 116 302 90 606 864 476 216 308 510 124 804 239 948 964 704 146 729 805 940 955 94 674 106 750 370 513 441 99 776 548 633 51 677 791 437 313 504 187 497 471 746 733 806 810 211 189 411 304 643 325 437 22 844 100 78 470 632 411 92 267 305 277
836 90 482 877 184 30 889 470 450 572 563 444 132 749 667 323 541 704 273 734 132 167 239 943 515 88 592 693 869 504 385 222 889 309 665 576 884 608 608 781 155 493 577 611 401 17 59 624 233 627 852 139 417 782 646 51 733 402 555 328 527 947 274 130 939 999 58 296 29 636 838 907 629 669 137 792 971 554 427 406 369 803 852 38 191 701 502 703 186 264 152 268 896 105 763 396 974 698 186 670
963 574 612 725 812 391 317 458 273 583 569 329 249 412 727 452 971 992 75 902 310 369 896 6 149 337 306 553 295 270 201 644 425 740 689 745 809 382 819 442 416 31 760 669 574 52 320 985 205 318 35 319 641 591 563 860 605 278 752 136 770 774 162 409 217 199 313 388 152 666 487 655 810 642 198 186 931 790 732 317 782 792 964 187 369 98 509 150 259 465 339 828 90 831 503 377 372 489 958 281
216 961 95 65 271 290 113 36 190 228 94 334 419 629 281 426 686 996 81 403 44 461 546 964 708 789 540 686 35 960 835 503 750 781 288 81 404 137 838 443 330 589 368 31 491 92 212 688 593 838 383 101 190 461 999 248 540 300 654 800 319 368 54 743 829 892 614 633 910 995 81 315 726 501 528 961 582 78 773 921 606 302 500 903 791 433 485 737 530 859 921 272 423 620 520 70 995 256 249 237
801 931 338 942 288 53 495 792 231 831 267 532 357 57 441 752 892 805 377 619 868 556 749 812 489 187 657 125 98 956 257 819 460 657 998 383 122 452 996 33 343 509 105 687 516 772 726 14 348 853 705 157 859 430 145 622 781 44 802 625 55 195 189 311 660 252 282 489 543 685 823 748 490 548 893 596 370 564 185 798 302 787 531 292 533 363 343 605 307 768 571 106 597 32 786 90 775 191 219 824
322 250 117 318 665 381 648 401 855 728 627 432 264 745 704 451 495 445 350 712 447 132 157 90 443 273 442 805 940 265 917 802 221 792 15 696 372 195 190 276 625 267 131 937 540 191 878 130 847 284 105 724 223 399 451 114 405 299 557 131 666 941 586 898 875 955 260 32 364 748 592 784 749 986 245 480 786 622 272 583 348 375 788 105 344 478 97 628 995 141 300 196 529 657 820 703 913 779 786 286
911 691 973 632 674 517 578 17 766 859 864 937 133 949 981 540 708 270 791 269 910 168 755 926 957 794 975 454 455 884 729 646 700 552 511 648 225 301 440 137 754 365 911 725 11 798 446 387 616 587 83 742 722 348 116 497 818 200 893 83 825 510 762 797 588 91 320 651 889 574 329 943 521 351 398 557 498 337 696 225 66 53 949 815 832 305 150 576 307 171 329 827 229 915 26 344 521 538 496 104
523 532 150 869 227 742 799 535 847 108 916 829 494 479 53 764 571 814 426 250 692 920 991 881 915 64 563 353 109 975 980 276 176 706 668 182 915 432 504 761 96 285 606 334 479 710 939 935 159 281 991 237 951 263 305 47 918 516 809 488 378 321 617 69 858 937 787 210 165 215 349 202 119 484 954 296 97 591 784 558 137 616 648 141 453 688 654 892 589 610 422 678 99 983 179 317 394 411 93 710
668 225 716 459 794 247 463 587 487 227 581 284 866 864 841 523 352 253 731 889 715 519 732 607 252 289 633 824 62 440 20 662 344 588 128 845 100 584 171 354 29 404 293 466 513 186 925 166 796 526 642 588 838 513 62 402 546 653 793 318 682 618 927 89 94 99 261 412 775 373 898 934 143 923 598 528 356 122 337 55 216 474 196 348 981 607 611 511 443 694 327 945 62 673 342 445 473 996 450 814
907 523 500 687 641 889 165 103 163 469 556 898 132 40 140 228 822 294 850 708 783 296 443 129 810 800 370 79 196 950 611 719 861 125 98 401 42 985 476 905 383 960 140 68 736 890 52 296 766 677 424 684 110 735 527 836 28 874 484 283 477 832 340 94 534 679 694 829 705 250 375 377 312 601 849 714 464 501 775 994 391 369 155 410 787 984 175 278 517 696 866 828 213 518 864 946 750 78 772 878
87 345 679 263 965 339 230 57 49 339 205 675 436 503 512 381 307 983 667 145 740 282 697 388 538 618 475 756 449 803 661 348 750 399 414 911 12 529 778 12 745 542 558 31 324 605 35 546 608 368 787 178 525 98 779 871 971 336 645 85 706 802 443 582 146 263 445 365 396 421 712 584 559 625 322 465 6 73 342 834 325 831 610 135 575 624 295 724 235 974 597 415 266 645 98 813 175 461 380 576
398 961 439 315 548 229 499 958 151 384 647 976 411 688 259 576 795 75 363 479 651 526 835 702 552 15 524 636 649 111 44 833 972 408 219 305 587 191 113 313 235 867 747 992 978 973 704 340 284 511 806 453 374 101 237 734 471 853 377 832 588 169 532 742 560 313 400 138 949 699 656 306 462 83 851 359 839 420 936 572 725 698 861 311 198 713 483 381 388 5 547 393 273 668 713 162 448 685 214 47
337 757 642 827 891 376 864 31 757 756 770 489 2 123 311 260 887 219 69 717 176 107 867 906 534 734 303 85 149 99 291 839 375 272 141 132 380 726 927 587 666 681 215 617 330 8 60 737 44 661 567 165 653 284 488 447 747 623 505 231 2 767 396 576 618 671 661 285 219 807 530 263 144 957 439 194 834 822 960 362 413 243 370 183 964 590 268 689 997 717 97 148 129 115 978 965 552 317 909 603
735 539 150 43 781 194 119 266 809 815 886 153 893 655 876 409 547 134 875 901 277 916 384 743 442 832 876 696 141 621 385 539 559 298 732 406 694 522 679 62 125 667 794 501 435 98 685 260 947 785 490 451 974 967 528 550 127 725 294 649 158 794 29 578 536 237 401 309 402 952 712 714 88 866 580 988 590 278 540 978 453 885 350 506 367 621 8 383 624 186 676 395 689 872 114 101 162 397 434 959
826 517 998 638 131 459 316 621 600 138 682 913 711 832 484 648 634 692 151 670 747 534 627 277 309 333 608 456 918 648 706 136 47 254 856 609 798 768 645 887 276 737 330 458 84 676 787 473 898 37 750 597 239 931 869 326 539 10 847 609 767 670 119 703 470 974 762 739 236 834 762 59 339 349 875 67 967 297 503 226 172 947 445 337 300 543 276 628 133 706 306 1 197 72 459 482 847 345 948 256
353 854 647 899 481 530 201 784 997 721 974 474 305 512 863 93 521 204 148 316 24 453 284 983 658 702 250 81 406 46 886 738 461 14 301 535 866 177 134 64 376 769 421 935 59 455 612 919 218 857 689 178 208 47 424 430 290 41 507 133 402 577 539 843 915 186 52 339 245 144 282 55 639 465 148 671 184 417 690 30 179 842 600 982 745 823 139 694 803 179 362 558 96 389 894 5 936 245 552 987
166 501 918 556 317 86 138 269 310 855 108 369 431 481 631 496 482 358 208 49 565 950 828 251 679 837 391 310 11 38 799 214 542 863 109 861 917 854 160 571 668 48 410 53 747 185 293 991 796 827 154 500 647 756 724 270 285 103 366 40 229 817 567 574 880 876 267 281 402 916 238 395 817 37 76 71 725 6 78 968 510 622 797 367 782 78 915 720 192 107 851 799 631 42 532 780 638 426 312 97
374 978 677 251 394 340 927 647 800 929 929 636 712 896 395 982 244 808 303 419 18 209 505 985 686 833 166 455 646 23 15 722 767 783 596 334 964 432 860 837 845 774 778 759 46 208 564 728 821 210 79 593 745 898 342 921 618 413 783 914 375 220 751 792 222 193 304 465 193 578 25 422 250 409 407 240 918 423 369 470 301 692 863 105 984 335 603 38 390 797 580 249 20 700 517 974 140 508 328 577
284 879 166 77 518 791 406 639 482 778 437 173 23 1 377 109 513 374 19 641 319 825 325 302 429 532 556 134 632 97 303 396 897 926 538 354 408 165 615 128 451 864 827 697 174 530 881 544 489 962 142 761 103 831 903 539 32 2 136 490 122 110 688 855 207 490 340 573 423 221 969 76 955 968 509 611 70 322 111 576 682 937 386 686 730 199 482 176 415 737 694 382 379 902 585 535 43 516 72 238
849 193 158 662 432 789 409 716 146 188 262 406 293 446 862 740 901 389 843 299 164 971 425 954 405 431 595 18 693 184 942 500 627 933 622 164 645 430 164 371 854 301 959 519 602 330 833 605 455 982 225 173 662 347 496 727 571 358 1000 950 483 951 711 915 476 846 680 200 93 818 402 116 720 395 987 813 113 56 413 557 586 765 272 702 649 216 487 185 974 716 170 122 351 153 392 887 675 910 172 592
596 467 905 368 483 897 814 376 152 509 167 930 104 677 905 408 381 159 500 5 148 325 8 942 447 471 414 684 241 17 60 644 985 616 707 775 957 324 365 816 97 406 651 959 596 534 357 769 308 92 518 133 232 329 929 735 885 230 324 237 7 176 415 234 71 214 521 709 854 146 604 419 899 840 409 36 550 157 253 220 539 753 522 481 760 201 268 318 832 503 993 928 609 385 475 890 185 382 71 208
