67820 145831
42178 140803
28284 85735
50985 108769
3721 91082
11670 98651
18113 102938
88385 180991
86885 179624
59093 152809
91533 185059
80550 168003
36127 121686
6287 74644
47815 98130
34071 125300
54917 130606
27734 118486
64325 139691
81507 174291
62260 140711
50673 125718
5766 98199
34290 121278
36559 129997
84054 173600
13298 49279
80245 164228
42093 119973
844 87479
94028 188411
39399 111055
4545 104147
78648 158053
39180 107474
42992 100122
40782 139738
27391 79018
83450 182292
36471 74211
72819 164936
91712 190326
99765 199749
60331 131326
47239 104428
9796 37684
31404 82904
53958 148971
60203 126687
12594 81810
81655 171992
15858 66434
95597 191502
70788 167626
93891 187948
57957 138267
38847 97986
5902 69512
14667 71240
82593 167144
78855 163705
21666 72335
3135 92018
90996 182647
