817 972 219 371
545 375 532 833
100 895 901 712
29 408 612 177
666 987 655 519
781 863 319 272
564 418 353 392
460 287 52 634
79 583 892 223
823 209 890 436
324 824 677 798
814 71 836 416
674 158 423 996
82 177 592 588
69 838 291 592
294 420 253 646
510 356 512 323
186 62 907 862
165 407 935 765
249 197 412 660
454 863 605 700
36 347 837 162
580 528 767 852
826 700 149 170
699 792 267 576
839 343 573 24
776 500 632 571
498 250 874 657
797 405 73 290
387 248 451 50
138 875 952 712
383 57 462 710
410 121 760 23
433 313 726 654
796 783 455 90
688 10 415 790
106 887 291 472
714 569 183 473
192 502 311 346
444 824 129 944
875 376 911 700
129 560 591 654
250 850 998 736
979 271 989 681
259 778 792 890
52 553 940 965
484 487 986 86
386 602 699 86
172 745 655 964
909 791 832 887
244 547 321 918
268 68 235 38
629 141 730 810
924 752 703 559
970 96 872 453
351 292 374 272
15 676 467 786
693 424 970 439
365 330 326 246
419 667 906 132
590 165 890 913
210 104 692 558
967 392 248 480
684 293 430 357
420 163 948 802
272 724 739 621
526 679 498 799
85 993 28 260
192 492 984 533
159 463 734 364
83 549 855 938
38 608 41 393
431 640 870 2
66 651 62 839
74 462 638 366
873 802 492 243
956 596 645 267
58 860 296 629
529 250 390 806
151 300 473 142
288 462 66 564
96 22 678 251
562 870 297 803
92 260 94 325
588 560 540 628
784 322 653 983
923 378 864 83
418 479 271 339
243 191 711 598
653 18 748 833
718 767 66 506
485 801 670 311
884 141 995 528
205 45 408 496
212 524 29 970
308 60 262 496
767 111 715 652
604 885 795 568
181 269 30 73
669 130 872 545
535 524 905 705
500 112 597 730
967 589 718 713
228 670 233 867
91 962 19 318
536 678 856 918
273 931 631 159
267 682 12 209
768 430 211 722
301 500 216 149
897 787 615 805
704 160 4 674
706 315 201 817
461 224 517 292
360 589 911 675
453 486 741 466
420 840 266 323
447 888 377 511
933 614 779 563
959 807 459 442
411 39 705 614
41 925 28 11
343 819 193 308
311 251 413 683
729 342 548 235
549 808 297 840
292 587 924 433
443 413 301 218
768 835 686 270
817 514 982 462
309 182 522 484
99 794 160 507
567 576 664 947
174 558 939 300
129 770 681 915
686 881 228 769
209 570 791 558
340 752 140 357
363 759 771 723
171 99 702 409
256 258 181 723
410 542 458 513
288 36 582 141
476 726 875 896
633 115 767 735
719 213 651 136
830 55 629 462
118 289 985 8
582 750 774 781
196 193 851 405
502 623 160 645
167 575 194 317
393 97 321 342
230 846 43 974
509 370 423 435
708 475 203 649
907 636 572 410
464 936 690 450
532 137 693 535
595 830 809 149
345 400 434 765
53 994 704 516
852 595 610 334
580 601 667 206
15 482 621 74
616 888 101 361
799 728 480 765
365 405 532 469
282 801 608 352
218 713 615 595
226 765 200 272
976 621 77 809
220 328 34 960
482 905 688 927
259 104 371 436
713 80 209 920
176 263 547 499
667 535 525 689
500 924 527 309
924 341 238 502
727 255 621 159
403 111 30 257
574 868 953 877
909 910 261 961
297 278 229 413
86 930 676 7
515 705 766 423
387 317 802 921
552 677 173 698
331 908 995 215
671 675 295 132
867 599 514 595
636 544 626 804
270 629 975 857
631 940 130 737
594 957 997 140
942 634 558 994
154 240 229 678
392 381 47 919
118 232 357 775
491 700 926 249
709 458 910 244
386 74 205 663
595 60 761 252
654 11 62 390
179 661 865 714
22 786 248 951
896 300 409 170
205 234 672 136
508 560 24 299
632 601 907 885
891 922 539 372
932 691 546 69
265 351 224 262
736 462 357 253
210 651 107 686
230 51 70 816
38 233 417 203
422 789 21 977
764 123 17 527
938 8 670 908
449 306 191 314
93 406 954 660
611 567 898 1
818 143 25 744
852 759 445 147
507 967 727 185
786 307 204 812
771 208 10 772
555 340 573 562
808 559 361 433
177 433 394 218
762 233 586 120
108 609 665 787
308 932 218 961
547 265 853 850
586 127 606 255
250 566 835 198
943 43 396 948
818 920 80 282
694 505 976 888
9 990 899 85
717 181 438 596
454 243 579 181
615 408 778 645
707 774 63 35
405 997 882 271
276 47 715 847
133 956 865 335
879 371 484 992
517 425 265 682
518 681 577 166
252 199 804 880
24 33 714 349
640 718 49 362
244 699 817 880
349 92 323 214
53 952 320 108
530 436 567 982
4 16 461 817
774 727 219 993
483 92 555 377
651 885 12 471
822 602 684 556
575 990 217 926
818 439 501 794
353 397 709 727
708 393 600 547
253 216 417 782
247 113 577 262
327 396 268 679
901 855 607 142
584 293 258 445
221 193 665 324
141 301 949 52
459 591 726 202
764 271 696 849
762 963 891 828
244 24 938 93
831 283 544 101
552 982 591 925
46 491 863 68
766 789 720 977
1000 356 697 495
888 91 864 672
259 797 584 716
616 306 537 50
368 536 23 253
200 773 583 977
614 566 791 548
840 957 994 584
93 218 642 708
843 225 651 528
115 371 816 426
309 322 303 972
449 824 203 247
892 343 531 804
114 239 621 258
333 930 789 616
577 70 656 564
583 940 342 783
466 709 697 356
326 620 149 764
493 924 594 921
157 675 1000 153
794 740 513 342
948 202 44 701
943 168 361 919
918 374 900 678
281 767 171 298
552 288 5 280
810 142 822 326
294 798 352 620
550 126 711 224
586 416 807 558
474 407 18 922
234 392 340 328
297 987 573 402
540 824 883 194
12 36 245 433
644 922 658 11
648 31 266 88
642 283 685 664
953 86 373 746
379 942 236 106
722 786 373 36
1 17 526 107
502 177 589 441
245 98 267 90
705 515 975 200
572 953 44 31
808 467 316 124
912 692 213 982
342 31 234 758
724 653 156 596
55 337 171 970
443 832 682 337
317 88 646 48
543 864 83 920
802 514 504 209
751 117 624 491
291 39 227 130
292 207 251 520
613 385 494 624
275 157 756 464
712 430 1000 214
458 367 744 129
597 745 226 31
355 314 79 134
954 946 518 114
627 862 340 486
611 534 84 884
505 47 665 238
737 290 672 606
538 950 204 396
575 481 850 557
229 260 328 261
57 584 228 380
894 136 22 366
890 527 436 256
171 924 631 430
782 389 195 907
214 791 69 79
898 363 303 880
118 699 97 616
863 759 689 738
898 144 919 760
678 172 188 132
594 402 91 346
382 736 234 829
354 832 891 934
999 656 315 116
269 220 138 770
780 989 326 363
25 404 704 675
619 229 70 630
499 698 581 112
618 796 1000 211
988 337 177 498
820 260 890 156
633 464 333 533
839 762 953 405
254 794 977 246
432 747 655 534
814 724 262 452
208 228 88 535
964 497 591 40
265 477 252 830
438 698 95 33
504 89 431 929
275 966 153 809
573 888 821 115
836 780 232 185
464 12 787 454
744 631 821 627
999 940 542 199
666 446 306 484
679 844 909 818
136 410 333 155
138 216 918 61
492 822 966 457
472 886 186 199
969 198 225 638
494 570 300 406
245 800 502 477
219 60 813 833
233 872 968 27
736 348 920 517
804 2 553 90
400 265 313 107
433 241 446 10
18 727 315 260
251 842 795 899
143 891 964 32
68 45 185 6
890 611 27 379
315 661 721 669
386 284 344 522
487 938 977 474
742 616 37 272
550 231 432 532
665 449 53 460
728 61 419 940
320 488 618 231
46 439 229 226
622 465 567 567
652 62 917 987
826 888 830 996
329 835 17 107
58 853 23 621
31 356 502 940
701 145 348 727
253 144 429 68
786 609 15 156
793 258 67 972
345 767 238 785
893 797 56 294
195 822 701 647
206 52 163 587
747 148 73 96
964 152 736 76
701 523 72 37
682 754 930 26
483 662 189 605
384 451 873 615
820 875 812 125
158 657 359 680
838 626 218 110
856 752 569 895
362 137 971 845
181 234 834 33
681 991 411 277
272 613 710 77
596 693 36 521
946 28 735 476
529 777 927 283
840 469 11 731
461 574 706 385
99 682 246 472
790 168 72 268
215 857 797 285
536 937 659 99
144 688 798 465
442 467 586 488
130 456 318 244
729 585 11 595
553 858 620 890
28 422 105 403
314 262 252 441
205 345 923 842
989 699 187 962
303 215 258 86
312 431 482 420
17 917 788 358
42 827 480 159
686 237 137 775
1000 170 568 437
581 971 87 930
896 738 562 409
56 626 785 388
314 519 853 859
666 98 286 749
197 92 682 712
548 963 687 230
3 465 563 126
138 226 601 95
175 82 4 945
449 363 163 615
565 997 585 398
867 78 12 632
647 961 256 643
130 483 898 374
272 282 831 701
351 8 107 639
771 147 59 290
704 412 623 244
878 548 394 645
913 369 439 296
999 196 624 688
709 191 595 839
846 954 792 497
815 310 380 311
216 838 801 548
828 970 91 736
694 334 927 415
772 877 922 151
770 664 593 69
569 228 6 822
34 297 461 51
337 868 365 155
444 714 83 969
17 314 28 775
943 437 293 354
863 939 477 266
750 402 860 950
207 772 666 303
325 343 324 267
935 176 472 477
491 165 658 340
28 242 529 908
550 300 721 535
507 344 319 909
599 15 875 441
558 529 81 788
794 344 89 937
35 671 744 852
671 502 218 751
567 727 609 499
622 80 135 519
97 588 625 757
428 828 834 934
387 340 478 98
604 607 618 965
191 184 972 969
692 62 371 947
753 13 232 423
863 975 732 634
407 144 816 390
372 609 778 714
892 372 599 544
297 569 835 974
639 236 411 299
53 301 844 148
767 314 535 497
322 992 992 193
234 139 782 642
399 608 686 808
710 225 229 919
181 789 523 286
401 263 318 900
538 294 307 440
484 944 731 513
161 459 674 829
250 167 572 619
247 549 796 772
390 97 129 950
459 555 584 211
869 550 700 695
382 283 937 754
612 921 333 921
632 769 489 587
795 57 671 260
943 236 89 636
321 902 390 476
425 993 319 505
878 488 930 881
659 126 559 191
160 951 68 796
428 293 72 156
769 690 586 143
922 993 412 988
846 747 599 470
297 772 91 143
86 775 574 10
143 578 677 851
184 16 955 709
126 113 331 185
479 467 592 581
974 298 303 790
957 412 468 366
498 155 859 654
923 846 655 664
586 254 480 282
441 392 182 255
251 539 847 51
421 224 523 429
341 119 662 120
59 419 22 407
885 325 906 507
514 511 426 631
387 897 953 320
455 547 248 235
481 200 303 371
353 742 146 330
611 341 773 455
319 642 245 346
204 723 877 640
815 435 223 717
338 548 363 640
530 378 354 582
266 993 46 786
323 182 986 980
561 442 248 663
835 486 909 870
642 397 985 25
254 84 135 114
863 785 947 556
899 703 810 234
619 926 511 686
145 510 159 421
789 716 1000 406
15 739 84 289
13 382 268 204
777 377 296 108
716 209 14 260
407 856 568 415
960 127 352 380
798 268 241 404
338 223 687 147
513 918 388 950
163 583 48 35
749 317 911 643
937 966 306 666
936 693 306 457
514 573 573 769
984 832 550 467
881 185 392 161
580 756 345 329
145 657 505 703
88 834 80 725
744 635 556 273
2 633 616 125
392 909 613 906
542 287 813 538
36 829 301 302
151 261 399 688
931 712 895 266
753 383 459 503
504 716 359 616
576 568 355 459
544 963 311 201
713 393 829 24
402 958 36 893
257 358 19 958
674 801 955 931
58 604 335 459
775 372 608 679
210 774 740 631
599 543 159 470
340 902 917 992
473 999 427 322
723 872 721 377
945 388 553 390
260 31 876 139
732 545 888 617
349 101 111 18
712 524 46 151
387 46 608 13
161 525 193 270
24 647 28 560
674 764 539 68
605 632 65 854
319 136 184 819
429 573 623 328
607 99 693 61
154 389 874 899
662 472 3 564
884 109 707 657
460 691 827 360
677 32 737 67
47 242 714 20
292 990 952 696
388 162 592 815
591 305 970 852
600 988 973 294
867 382 121 431
154 568 474 732
80 200 573 710
583 363 838 185
804 867 9 355
857 514 236 690
728 195 431 773
689 411 922 428
791 334 438 509
383 609 416 533
565 762 918 611
633 814 262 640
332 26 164 67
152 745 423 745
458 231 149 403
941 346 850 142
790 493 667 937
10 984 718 911
392 270 443 331
599 1 497 671
958 920 897 452
204 486 996 564
891 121 616 197
511 571 578 112
521 19 526 688
108 291 549 75
207 828 508 950
116 614 200 260
804 451 970 524
744 310 381 949
594 739 449 568
147 990 339 898
236 727 748 216
830 259 130 12
59 141 705 478
918 469 939 15
774 979 581 740
546 795 715 800
892 157 508 942
559 161 564 529
640 403 177 70
667 78 776 818
815 901 72 752
65 418 857 376
296 301 479 575
151 956 473 931
746 353 896 166
562 285 812 962
675 656 568 142
625 61 380 248
860 388 715 379
61 965 558 699
593 422 663 379
259 462 85 3
636 354 835 606
18 630 380 30
224 411 32 363
424 200 537 866
396 685 951 475
448 373 370 117
672 12 636 845
235 321 170 629
279 695 190 906
650 637 349 680
289 22 507 340
480 669 895 558
367 628 671 435
637 894 740 749
819 12 681 295
159 910 57 916
983 585 855 990
996 211 202 743
469 798 81 963
618 910 758 528
773 445 506 386
789 991 598 712
1000 879 367 550
449 941 291 179
944 604 235 744
402 865 129 949
998 742 312 111
557 302 256 545
626 759 22 969
12 865 543 325
827 135 417 973
999 47 894 894
206 108 600 276
904 213 962 176
203 293 282 577
430 465 754 916
158 458 954 213
960 371 43 120
491 413 87 769
617 287 315 604
813 124 95 151
778 186 809 355
109 70 853 78
467 344 910 611
992 356 279 130
782 318 454 437
853 51 943 900
152 167 712 514
371 873 458 214
546 504 545 77
242 73 643 512
231 428 518 162
425 743 58 103
367 594 530 154
742 323 444 514
994 881 455 195
933 21 649 346
776 575 409 356
295 942 719 44
572 328 6 263
506 109 371 400
869 62 959 405
39 926 391 740
985 223 306 696
10 488 216 912
949 288 688 752
692 113 418 751
155 791 411 899
200 278 135 710
672 670 873 590
97 66 915 470
165 52 49 854
970 445 743 908
588 528 169 769
529 432 871 246
730 599 9 97
316 219 944 891
370 763 199 679
556 286 727 902
12 72 215 538
876 99 407 503
916 990 31 265
610 539 91 900
649 604 294 456
908 157 738 145
607 61 742 883
200 339 414 611
584 557 320 815
260 361 511 466
691 149 17 860
221 918 133 563
382 254 98 782
702 5 391 459
280 26 813 789
927 226 133 667
465 54 257 611
670 185 160 569
953 322 34 463
819 796 680 406
98 82 513 937
921 929 467 871
487 579 228 901
133 541 175 776
283 379 410 204
462 446 258 882
627 566 775 578
955 230 623 777
866 299 800 335
961 392 968 288
325 318 780 883
338 907 710 689
815 885 55 274
441 167 132 67
132 20 678 591
283 741 14 508
617 529 804 209
600 725 509 701
549 244 776 134
500 872 684 352
963 29 512 338
72 611 60 199
380 175 719 344
436 289 365 303
754 376 559 20
392 447 346 187
830 587 408 378
823 268 616 59
240 676 885 57
14 403 113 401
695 194 120 720
49 783 213 146
563 262 898 276
265 951 827 410
123 420 987 857
474 725 806 271
889 529 728 957
844 360 524 206
89 208 232 906
802 359 432 139
427 808 292 335
962 15 891 353
607 743 440 217
892 768 485 61
534 621 619 238
984 311 132 871
179 860 280 317
922 958 962 594
791 921 519 898
527 892 347 971
721 779 423 781
709 934 797 660
179 333 164 461
660 355 252 270
828 3 478 100
272 311 943 643
652 838 574 954
344 685 246 652
978 736 362 445
452 44 843 799
66 79 182 619
715 571 841 609
330 104 917 253
109 901 411 986
703 919 353 621
591 691 508 766
139 735 7 152
956 850 587 103
201 140 267 528
535 164 593 208
113 696 171 48
608 954 526 820
505 717 294 765
492 936 758 676
341 997 369 863
383 6 223 798
632 96 612 974
333 935 268 910
650 858 785 117
724 401 911 277
482 666 578 87
470 765 2 87
903 252 672 453
286 290 320 548
696 422 221 440
600 735 233 794
804 44 640 826
184 869 512 304
546 318 957 106
278 732 168 775
518 181 30 409
242 566 405 496
266 371 873 736
516 705 510 106
803 212 772 153
993 714 5 194
203 344 667 678
47 846 576 136
290 772 302 677
730 734 933 41
565 219 14 696
68 620 709 731
794 907 536 613
602 582 304 196
12 689 323 442
160 416 357 477
373 444 289 375
112 578 970 644
804 629 83 755
646 775 854 56
702 820 481 403
8 64 675 298
263 283 895 971
453 449 25 157
939 522 716 1000
866 835 568 258
855 383 656 603
479 412 624 432
147 758 679 699
774 479 266 605
550 267 371 279
329 921 197 252
675 346 19 360
799 336 317 107
6 313 173 255
879 14 735 572
329 763 81 111
850 216 821 236
478 595 416 295
6 65 586 759
909 3 18 915
979 97 169 714
463 124 174 102
854 537 43 444
637 688 788 436
865 467 82 769
526 904 930 218
268 424 942 719
265 91 81 152
611 909 324 131
965 58 326 650
450 508 314 561
956 527 393 864
452 582 771 781
983 615 367 68
551 691 938 794
219 709 863 173
326 112 968 540
631 626 48 585
584 523 765 309
231 820 913 365
257 751 481 747
821 530 204 393
828 232 684 470
887 297 954 465
671 940 994 892
308 989 97 820
269 680 89 324
958 633 678 500
59 66 587 88
802 385 43 309
789 438 90 873
379 44 734 474
538 140 274 134
947 27 699 719
421 592 554 600
753 730 795 22
236 100 943 353
543 713 60 671
526 79 10 987
4 519 973 330
174 489 825 336
